2.6471
2.7295
2.9355
2.8634
2.8737
2.8634
3.0385
3.0179
2.9149
2.884
2.9973
2.9149
2.9664
3.0179
3.0797
2.9973
2.9561
2.9561
3.2445
3.3269
3.2651
3.2857
3.4196
3.3475
3.3784
3.4299
3.6771
3.8007
3.914
3.9037
3.9655
3.9243
3.7389
3.5638
3.5329
3.4299
3.4402
3.4917
3.6359
3.605
3.5741
3.4711
3.3887
3.1827
2.9664
2.7501
2.6574
2.6677
2.8222
2.781
2.8222
2.884
2.9149
2.8119
2.8943
2.987
3.1415
3.1003
3.2548
3.3063
3.3887
3.4917
3.605
3.605
3.6668
3.7286
3.811
3.811
3.8522
3.914
4.0067
4.0582
4.1509
4.0788
4.0788
4.0788
4.223
4.326
4.4805
4.4702
4.3981
4.429
4.6659
4.6865
4.7071
4.8101
4.9234
4.9337
4.9852
4.9749
5.0882
5.1809
5.2221
5.2221
5.356
5.4178
5.4487
5.4178
5.4693
5.4384
5.4075
5.3354
5.2221
4.9852
4.8616
4.8307
4.9028
4.8616
4.8925
4.8719
4.9028
4.9543
5.0573
4.944
5.0058
5.0985
5.1603
5.1603
5.2324
5.3869
5.6135
5.7165
5.8504
5.9946
6.1079
6.0873
6.1594
6.2933
6.4375
6.6641
6.9422
7.0452
7.1894
7.3027
7.5499
7.6941
7.8692
7.9619
8.1988
8.4048
8.6314
8.7859
9.0949
9.4966
9.7541
9.8777
10.2382
10.5163
10.7223
10.8768
10.9489
10.9592
11.0313
11.0725
11.2167
11.3815
11.5875
11.7729
12.0922
12.5145
13.0604
13.4621
13.8226
14.2758
14.7496
15.0586
15.2646
15.3058
15.4088
15.5633
15.656
15.5324
15.4603
15.3985
15.3058
15.2543
15.4191
15.4294
15.5427
15.6663
15.7281
15.6972
15.6869
15.5633
15.3676
15.0689
14.6878
14.3685
14.0904
13.5651
13.2767
13.2149
13.2767
13.3179
13.3694
13.2046
12.9162
12.5866
12.3909
12.0922
11.8862
11.5875
11.4021
11.2888
11.1961
11.227
11.4536
11.6905
11.6802
11.5566
11.5257
11.4021
11.33
11.1446
10.9798
10.7738
10.6193
10.3618
10.1558
9.8777
9.579
9.4039
9.1567
8.7344
8.3945
7.8898
7.4366
7.3336
7.519
7.725
8.0031
8.2297
8.3224
8.3224
8.3842
8.3327
8.24
8.1473
8.1061
8.1061
8.2194
8.1679
8.2297
8.2091
8.137
8.1679
8.2297
8.2606
8.3636
8.4563
8.5696
8.5799
8.6108
8.7653
8.8992
8.961
9.1258
9.3009
9.4039
9.4863
9.579
9.3524
9.1464
8.858
8.5902
8.2091
7.8177
7.4675
7.1688
6.8701
6.5714
6.2624
6.077
5.8401
5.5929
5.3766
5.2015
4.9543
4.738
4.4908
4.326
4.1303
3.9758
3.7492
3.6668
3.5123
3.3578
3.3166
3.2342
3.09
2.9973
3.0282
3.1415
3.0797
2.9973
2.9767
3.0076
2.9973
2.9252
2.8016
2.7913
2.7501
2.7604
2.6986
2.6265
2.5853
2.5956
2.5647
2.5029
2.4514
2.4514
2.4205
2.3999
2.3999
2.4205
2.4205
2.369
2.2866
2.2557
2.2454
2.2763
2.2248
2.2351
2.1939
2.163
2.1115
2.1115
2.0188
1.9982
2.0085
2.06
2.0806
2.06
1.9982
1.9982
1.9776
1.9673
2.0085
2.0188
1.9982
2.0188
2.0085
2.0085
1.9467
1.8952
1.8643
1.8849
1.8437
1.7716
1.7716
1.8231
1.7922
1.7716
1.7201
1.6892
1.5347
1.5038
1.5141
1.5656
1.5553
1.5759
1.5759
1.545
1.4729
1.5038
1.4935
1.4832
1.4523
1.4935
1.5244
1.4729
1.3287
1.3596
1.4214
1.4111
1.4111
1.4935
1.4626
1.5141
1.5759
1.5862
1.5347
1.4935
1.5038
1.5347
1.5862
1.648
1.6171
1.6789
1.6892
1.7613
1.7613
1.7304
1.7716
1.8643
1.957
1.957
1.9055
1.9467
1.9879
2.0497
2.1012
2.0703
2.1218
2.1836
2.1733
2.2248
2.3175
2.3896
2.3587
2.3278
2.266
2.3072
2.3484
2.3999
2.4308
2.3896
2.369
2.4102
2.3896
2.3484
2.369
2.5132
2.6265
2.6471
2.5338
2.5441
2.5441
2.5647
2.5956
2.6368
2.6265
2.6471
2.6471
2.5956
2.5029
2.4926
2.5029
2.5029
2.4514
2.4617
2.4514
2.4308
2.3793
2.3896
2.3484
2.3175
2.3072
2.3072
2.2763
2.2248
2.2145
2.2763
2.2866
2.2454
2.2042
2.163
2.1527
2.1939
2.2042
2.2557
2.266
2.2454
2.1836
2.1939
2.266
2.2763
2.3175
2.3175
2.2866
2.3072
2.2866
2.3072
2.2557
2.2969
2.3381
2.3278
2.2969
2.3484
2.3484
2.3484
2.3999
2.472
2.4411
2.4102
2.4411
2.5235
2.5853
2.5853
2.575
2.575
2.6368
2.6471
2.6162
2.6677
2.678
2.6677
2.6574
2.7192
2.7398
2.7604
2.8222
2.884
2.9664
3.1106
3.2033
3.2754
3.2651
3.3372
3.4196
3.502
3.5329
3.6359
3.7183
3.7801
3.8522
4.0067
4.1097
4.1509
4.2333
4.326
4.3569
4.3981
4.4908
4.6659
4.8307
4.9131
4.9749
5.0264
5.0573
5.1294
5.1912
5.253
5.3148
5.3663
5.3457
5.3148
5.2736
5.253
5.2427
5.2118
5.1809
5.2118
5.1397
5.0676
5.047
4.9749
4.8616
4.7895
4.7483
4.635
4.5526
4.5732
4.5629
4.5938
4.6453
4.7483
4.7689
4.7895
4.8204
4.8822
4.9646
5.0161
5.0882
5.1706
5.2633
5.3457
5.4281
5.5208
5.5723
5.6444
5.6856
5.768
5.8195
5.8916
5.9946
6.0873
6.0873
6.0667
6.0564
6.0049
5.974
5.9431
5.8298
5.665
5.4178
5.2221
5.0573
4.8719
4.6968
4.5629
4.4908
4.4702
4.4187
4.3672
4.3569
4.3363
4.3157
4.3878
4.429
4.4393
4.5011
4.5423
4.4908
4.532
4.635
4.7586
4.841
4.9543
5.0779
5.2015
5.3148
5.5105
5.6959
5.871
5.9637
6.1182
6.3242
6.5508
6.7671
6.9937
7.1276
7.21
7.2203
7.1997
7.21
7.2718
7.2615
7.2203
7.2512
7.2615
7.313
7.3954
7.416
7.3954
7.416
7.3439
7.3027
7.3851
7.3954
7.3233
7.3439
7.3542
7.3027
7.2718
7.1688
7.0349
6.9422
6.9216
6.8804
6.8083
6.7774
6.7156
6.6332
6.5096
6.2727
6.0976
5.9225
5.7165
5.5826
5.4693
5.356
5.4075
5.5517
5.6238
5.6753
5.6959
5.7062
5.8092
5.9946
6.18
6.386
6.6332
6.8701
7.0555
7.1482
7.2718
7.3954
7.4984
7.6735
7.8795
8.0958
8.2915
8.5284
8.8065
9.0537
9.2391
9.3936
9.4966
9.5481
9.6305
9.7232
9.8468
10.0219
10.2279
10.3618
10.3618
10.2897
10.197
10.1558
10.0837
10.0322
9.9601
9.7438
9.579
9.6511
9.7438
9.7747
9.8983
10.1558
10.3206
10.4133
10.5781
10.7223
10.9386
11.1549
11.3506
11.5463
11.7111
11.8862
12.0098
12.0716
12.1746
12.2055
12.1952
12.2467
12.2261
12.1437
12.1025
12.0819
12.1334
12.1437
12.1334
12.1334
12.1643
12.2364
12.257
12.2261
12.1952
12.2673
12.3497
12.3703
12.4733
12.6896
12.8441
12.9471
12.9162
13.0398
13.3076
13.4518
13.5754
13.699
13.9565
14.317
14.6466
14.9144
15.0998
15.2234
15.3367
15.3676
15.4191
15.5015
15.553
15.6457
15.7075
15.8414
16.0268
16.1813
16.2534
16.3358
16.4285
16.48
16.5418
16.6757
16.7478
16.7787
16.8405
16.8096
16.789
16.8714
16.8611
16.8096
16.8714
16.9126
16.8817
16.9744
17.0877
17.1495
17.1907
17.2731
17.3967
17.4379
17.51
17.6233
17.7778
17.9529
18.0456
18.0765
18.2104
18.3546
18.3855
18.4061
18.5606
18.6018
18.6327
18.7666
18.7975
18.9005
19.055
19.1992
19.2507
19.3949
19.5597
19.673
19.7966
19.9717
19.9511
19.8996
19.9923
20.1262
20.1674
20.2086
20.3013
20.3425
20.3322
20.3425
20.3013
20.3425
20.3322
20.3013
20.3219
20.3013
20.1777
20.0541
19.9099
19.7554
19.5185
19.2919
19.0859
18.9932
18.8181
18.7563
18.9005
19.158
19.5288
19.9305
20.2292
20.4867
20.6206
20.8781
21.1047
21.2798
21.4858
21.5682
21.5373
21.5785
21.5579
21.5682
21.6197
21.63
21.7021
21.733
21.6403
21.6403
21.6712
21.7639
21.8566
21.8669
21.8154
21.8566
21.9802
22.0626
22.0626
22.0111
22.0832
22.1553
22.2068
22.1759
22.145
22.248
22.248
22.2068
22.3098
22.4231
22.4025
22.3922
22.3819
22.4128
22.5261
22.5879
22.557
22.5879
22.557
22.4334
22.4128
22.3922
22.4746
22.5158
22.4849
22.3922
22.2583
22.2274
22.2377
22.2377
22.1759
22.1553
22.1244
22.1038
21.8875
21.7021
21.5682
21.4034
21.1562
20.8884
20.6
20.3734
20.1983
20.0541
20.1056
20.291
20.3837
20.5176
20.6515
20.7648
20.7751
20.7545
20.8163
20.6721
20.3219
20.0438
19.8687
19.9099
20.0232
20.2086
20.4867
20.806
21.012
21.1562
21.3107
21.4137
21.5167
21.5785
21.5064
21.5888
21.6197
21.5888
21.5476
21.7433
21.8772
21.7948
21.7948
21.8257
21.6506
21.63
21.7639
21.8154
21.7536
21.6712
21.5167
21.4343
21.5476
21.6918
21.6506
21.5785
21.4549
21.3622
21.2798
21.1871
21.2283
21.2798
21.2077
21.2077
21.2386
21.115
20.9399
20.9193
20.9296
20.9193
20.909
20.8266
20.7339
20.7236
20.6515
20.5279
20.497
20.5588
20.5073
20.4249
20.2704
20.1777
20.2086
20.3219
20.291
20.188
20.0438
19.9099
19.7657
19.7451
19.8069
19.8275
19.57
19.3537
19.3228
19.3331
19.2816
19.2507
19.1374
19.0859
19.0035
18.849
18.7563
18.7666
18.6327
18.5606
18.5297
18.6018
18.4885
18.4473
18.3649
18.3031
18.0868
17.9735
17.922
17.8396
17.8087
17.7469
17.6027
17.4482
17.3555
17.3143
17.2834
17.1598
17.0259
17.0259
17.0465
16.9641
16.7581
16.5315
16.3873
16.4491
16.377
16.2019
16.0783
15.965
15.8414
15.6148
15.553
15.5736
15.45
15.4191
15.4191
15.244
15.0586
14.9968
14.9247
14.8423
14.6981
14.6157
14.3994
14.1934
14.111
14.0595
13.9668
13.7814
13.5033
13.3179
13.3282
13.3179
13.1737
12.9986
12.8544
12.7308
12.5969
12.4836
12.4424
12.3291
12.2364
12.1025
11.8553
11.6699
11.536
11.4742
11.3609
11.2888
11.2888
11.0725
10.9901
10.9798
10.712
10.5781
10.5369
10.403
10.3412
10.3309
10.3515
10.3927
10.2485
10.2176
10.2382
10.2588
10.2073
10.1249
10.1146
10.2382
10.1764
10.1867
10.1455
10.0528
10.0219
10.1146
10.1867
10.2588
10.1352
10.0425
9.9807
9.991
9.991
9.888
9.7747
9.7644
9.7438
9.7232
9.7541
9.7129
9.6717
9.7232
9.5893
9.5378
9.5172
9.4451
9.4142
9.4863
9.5481
9.4657
9.3112
9.2082
9.1361
9.0949
9.1567
9.2391
9.0537
8.8683
8.7653
8.8374
8.8065
8.7241
8.6932
8.755
8.549
8.4048
8.3327
8.3121
8.24
8.1988
8.1988
8.1576
8.0958
8.0855
8.0031
7.9516
7.828
7.7044
7.7662
7.7662
7.6941
7.5911
7.4469
7.3851
7.4057
7.3851
7.3645
7.3439
7.2409
7.107
7.0967
7.1379
7.004
6.9422
6.9731
6.9937
6.8804
6.7671
6.7671
6.8804
6.8495
6.7156
6.6023
6.6744
6.7053
6.6641
6.4993
6.4581
6.5302
6.5405
6.4993
6.4684
6.3654
6.3242
6.3345
6.3551
6.2109
6.0976
6.1388
6.2006
6.1388
6.1594
6.2315
6.18
6.1182
6.0564
5.9122
5.9843
6.0976
6.0873
6.0461
6.0049
5.9122
5.9225
5.9843
6.0667
6.1079
6.1182
5.9843
5.9534
6.0152
6.0667
6.0358
6.1594
6.1182
5.974
6.0461
6.1903
6.077
6.0049
5.9843
6.1388
6.0152
5.871
5.871
5.8298
5.7474
5.8916
6.0049
6.0049
5.9637
5.8504
5.7165
5.6444
5.5826
5.5723
5.6341
5.7268
5.6341
5.5311
5.5311
5.5002
5.4075
5.4281
5.5208
5.5002
5.4384
5.3869
5.3766
5.5002
5.4384
5.4693
5.3457
5.1809
5.1191
5.1809
5.253
5.3354
5.2221
5.2736
5.356
5.3354
5.253
5.1912
5.1191
5.0985
5.0985
5.1088
4.9749
4.8822
4.7689
4.7792
4.7792
4.9852
4.9337
4.8822
4.8822
4.8925
4.7895
4.5835
4.5835
4.7689
4.6968
4.7071
4.7483
4.7071
4.6247
4.5217
4.6556
4.8204
4.6556
4.6144
4.5938
4.6041
4.5938
4.4393
4.4187
4.4908
4.429
4.5835
4.532
4.5217
4.3981
4.3363
4.3672
4.4393
4.4496
4.2848
4.2745
4.5217
4.6762
4.738
4.5835
4.4599
4.326
4.017
4.0067
4.2951
4.429
4.3775
4.4805
4.4908
4.326
4.326
4.2951
4.2745
4.2642
4.0788
4.0685
4.3672
4.4393
4.429
4.3466
4.3981
4.3878
4.3569
4.3157
4.3672
4.3569
4.4084
4.3672
4.5629
4.6556
4.5938
4.4496
4.2642
4.3775
4.532
4.4187
4.5114
4.7689
4.8101
4.7277
4.7174
4.5835
4.6453
4.8616
4.9955
5.0161
5.1706
4.9543
4.8307
5.0264
5.1191
4.9543
4.8616
4.7792
4.9337
4.9646
5.0161
4.944
4.9131
4.9749
5.0676
5.2118
5.2015
4.9543
4.9234
4.9234
4.9852
5.047
5.0573
5.0676
5.2221
5.1809
5.047
5.0058
5.1912
5.3354
5.1912
4.9749
5.1294
5.1603
5.4178
5.5002
5.1809
5.0676
5.1603
5.1603
5.2427
5.3148
5.356
5.1912
4.9749
5.0367
5.0676
5.047
5.3148
5.5723
5.5723
5.253
5.0367
5.2015
5.5826
5.6959
5.665
5.4899
5.4178
5.3251
5.3457
5.3354
5.562
5.4384
5.4899
5.768
5.6959
5.3766
5.3457
5.4384
5.5929
5.5929
5.4693
5.459
5.5723
5.4075
3.9449
3.7698
3.5638
3.5123
3.4814
3.4917
3.4299
3.1518
3.1106
3.2651
3.5123
3.6874
3.8007
3.9655
3.9655
3.7698
3.811
3.9861
3.9037
3.8213
4.0273
4.1921
4.0685
4.0788
4.2436
4.3672
4.635
4.7998
4.8822
5.1397
5.2942
5.2221
5.3045
5.6856
5.9946
5.974
6.2624
6.489
6.4375
6.2727
5.974
5.8813
5.8298
5.6238
5.3045
5.1191
5.2633
5.5002
5.6135
6.2315
6.7156
7.107
7.8898
9.1052
10.1867
11.5978
12.8544
13.6269
14.7084
16.171
17.3349
18.3649
19.2198
20.1983
21.0017
21.6403
22.5673
23.5458
23.9372
24.6788
25.132
25.5749
26.2444
27.0787
27.4804
27.8512
28.1705
28.5928
29.0357
29.149
29.4477
29.9215
30.1481
30.5395
30.9618
31.0751
30.9721
31.2914
31.5695
31.7858
31.8167
32.0433
32.4038
32.5583
32.5995
32.9703
33.1866
33.2793
33.4544
33.6295
33.7016
33.8458
33.9076
33.7531
33.7325
34.299
34.8758
34.6595
34.4329
34.7419
34.7316
34.7934
34.9479
34.9994
35.0921
35.1745
35.2672
35.535
35.2466
35.4629
35.6586
35.5144
35.4835
35.638
35.8028
36.0706
36.3384
36.2148
35.7925
35.844
35.9985
36.2457
36.4723
36.4826
36.6474
36.4826
36.4208
36.5959
36.6062
36.6783
36.5753
36.9255
37.183
37.3375
37.4817
37.5435
37.1006
37.1727
37.3787
37.3375
37.1624
37.2654
37.5435
37.8422
37.9452
37.9658
37.8834
37.8628
38.007
38.5735
38.522
37.8319
37.5229
37.8216
38.0482
38.316
38.1615
38.0276
38.0482
38.007
38.2645
38.1924
37.595
38.0379
38.2748
38.4293
38.522
38.625
38.6044
38.3572
38.3675
38.2439
38.1203
38.5426
38.7795
38.9958
38.9855
38.9546
39.2121
39.346
39.1194
38.9752
39.0988
39.0679
38.8722
38.8928
39.2121
39.3563
39.1812
39.4078
39.5623
39.3666
39.911
39.8405
40.376
40.6491
40.0499
40.7162
40.8055
41.3814
41.43
41.6847
41.8939
42.2917
42.1104
42.4677
42.6622
43.1313
43.6074
43.895
44.2363
44.1355
44.9416
45.143
45.0099
45.2322
45.392
45.9069
46.0847
46.0716
45.7947
46.515
46.7548
46.6518
46.5542
46.8149
46.9451
47.0384
47.1001
47.6838
47.6922
48.0636
48.5823
48.8285
48.9665
49.3991
49.6247
49.9139
50.2047
50.6018
50.7187
50.9896
50.923
51.1677
51.316
51.5276
51.419
51.2129
51.1272
51.0647
51.1637
50.9202
50.7474
50.4701
50.4501
50.0775
49.714
49.4388
49.2474
48.7345
47.9907
47.3121
46.8625
46.7444
46.727
46.9556
47.3834
47.9153
48.3232
48.6417
49.0102
49.2154
49.4424
49.5491
49.5064
49.4824
49.4876
49.6087
49.6005
49.569
49.453
49.3535
49.2179
49.0999
49.0106
48.9324
48.6967
48.6045
48.663
48.7578
48.8357
48.8847
49.099
49.3821
49.5586
49.707
49.8292
49.9162
49.9526
49.9662
49.983
49.9716
49.9298
49.8795
49.7449
49.6372
49.5499
49.4365
49.2634
49.085
48.9259
48.7736
48.6367
48.5233
48.448
48.4124
48.3733
48.2593
48.2218
48.176
47.9708
47.8555
47.7332
47.59
47.3992
47.1633
46.9245
46.7293
46.5396
46.2565
46.0707
45.901
45.7017
45.6143
45.4898
45.3114
45.2887
45.6284
46.1503
46.8939
47.9449
49.1901
50.4498
51.6625
52.7724
53.733
54.6005
55.2977
55.7875
56.1229
56.3731
56.525
56.6312
56.7569
56.7988
56.7899
56.8128
56.7923
56.7413
56.7658
56.7491
56.6839
56.6612
56.6516
56.6175
56.5694
56.5404
56.4936
56.4166
56.4102
56.4771
56.5509
56.5579
56.4757
56.4388
56.3973
56.3536
56.3328
56.3361
56.377
56.3871
56.3582
56.3046
56.263
56.286
56.2342
56.2107
56.1719
56.1223
56.0358
55.9568
55.9052
55.8825
55.8244
55.7689
55.7181
55.6692
55.6539
55.5974
55.4656
55.4643
55.3954
55.2824
55.2198
55.1755
55.1788
55.1769
55.049
54.9583
54.9423
54.8949
54.7772
54.7424
54.6976
54.6247
50.5015
50.3698
50.2139
50.0375
49.8036
49.6486
49.3793
48.9462
48.4912
48.1245
48.1741
48.5654
48.8466
49.2148
49.5354
49.7377
49.9966
50.177
50.2152
50.3106
50.4639
50.5539
50.4556
50.1887
50.0534
50.0946
50.2415
50.338
50.3971
50.3213
50.0896
49.956
49.8127
49.7953
49.6569
49.6342
49.6334
49.4942
49.4085
49.3364
49.3025
49.1507
48.9876
49.0542
48.9335
48.7939
48.6903
48.6866
48.5736
48.4381
48.2841
48.3002
48.183
48.0503
47.9337
47.8291
47.8073
47.6821
47.5856
47.4656
47.3949
47.2135
47.1766
47.0592
46.976
46.8735
46.8042
46.6796
46.5976
46.4962
46.3951
46.2943
46.1561
46.0901
46.0525
45.9606
45.7933
45.6301
45.5725
45.53
45.382
45.3263
45.2421
45.0666
44.9738
44.8965
44.8933
44.7326
44.6283
44.5538
44.3781
44.3159
44.2267
44.061
43.9959
43.8433
43.7475
43.6085
43.5916
43.5275
43.3589
43.2243
43.148
43.0243
42.8848
42.7919
42.687
42.567
42.4275
42.385
42.241
42.1332
42.0042
41.8234
41.7041
41.6478
41.5089
41.3793
41.2177
41.1683
40.9986
40.8274
40.6866
40.592
40.4954
40.3519
40.2107
40.0626
39.9044
39.7485
39.5719
39.3958
39.2914
39.2889
39.4609
39.4083
39.2623
39.1311
39.0271
38.975
38.8258
38.6776
38.6303
38.4733
38.3019
38.3301
38.1045
37.7039
37.7503
38.0696
38.4731
38.4373
38.2709
38.1103
37.9978
37.942
37.7079
37.5538
37.4132
37.2219
37.0909
36.8464
36.6522
36.4817
36.303
36.1092
35.8348
35.5827
35.4436
35.2622
34.9759
34.765
34.5636
34.311
34.0785
33.8465
33.6732
33.4289
33.1498
32.9176
32.707
32.4736
32.2268
32.0243
31.7586
31.4985
31.2419
30.9743
30.7465
30.4963
30.2347
30.0224
29.7591
29.5227
29.3195
29.0904
28.8542
28.617
28.3796
28.1514
27.9493
27.7313
27.5232
27.3203
27.1223
26.9311
26.6962
26.5393
