1.32355
1.36475
1.46775
1.43170
1.43685
1.43170
1.51925
1.50895
1.45745
1.44200
1.49865
1.45745
1.48320
1.50895
1.53985
1.49865
1.47805
1.47805
1.62225
1.66345
1.63255
1.64285
1.70980
1.67375
1.68920
1.71495
1.83855
1.90035
1.95700
1.95185
1.98275
1.96215
1.86945
1.78190
1.76645
1.71495
1.72010
1.74585
1.81795
1.80250
1.78705
1.73555
1.69435
1.59135
1.48320
1.37505
1.32870
1.33385
1.41110
1.39050
1.41110
1.44200
1.45745
1.40595
1.44715
1.49350
1.57075
1.55015
1.62740
1.65315
1.69435
1.74585
1.80250
1.80250
1.83340
1.86430
1.90550
1.90550
1.92610
1.95700
2.00335
2.02910
2.07545
2.03940
2.03940
2.03940
2.11150
2.16300
2.24025
2.23510
2.19905
2.21450
2.33295
2.34325
2.35355
2.40505
2.46170
2.46685
2.49260
2.48745
2.54410
2.59045
2.61105
2.61105
2.67800
2.70890
2.72435
2.70890
2.73465
2.71920
2.70375
2.66770
2.61105
2.49260
2.43080
2.41535
2.45140
2.43080
2.44625
2.43595
2.45140
2.47715
2.52865
2.47200
2.50290
2.54925
2.58015
2.58015
2.61620
2.69345
2.80675
2.85825
2.92520
2.99730
3.05395
3.04365
3.07970
3.14665
3.21875
3.33205
3.47110
3.52260
3.59470
3.65135
3.77495
3.84705
3.93460
3.98095
4.09940
4.20240
4.31570
4.39295
4.54745
4.74830
4.87705
4.93885
5.11910
5.25815
5.36115
5.43840
5.47445
5.47960
5.51565
5.53625
5.60835
5.69075
5.79375
5.88645
6.04610
6.25725
6.53020
6.73105
6.91130
7.13790
7.37480
7.52930
7.63230
7.65290
7.70440
7.78165
7.82800
7.76620
7.73015
7.69925
7.65290
7.62715
7.70955
7.71470
7.77135
7.83315
7.86405
7.84860
7.84345
7.78165
7.68380
7.53445
7.34390
7.18425
7.04520
6.78255
6.63835
6.60745
6.63835
6.65895
6.68470
6.60230
6.45810
6.29330
6.19545
6.04610
5.94310
5.79375
5.70105
5.64440
5.59805
5.61350
5.72680
5.84525
5.84010
5.77830
5.76285
5.70105
5.66500
5.57230
5.48990
5.38690
5.30965
5.18090
5.07790
4.93885
4.78950
4.70195
4.57835
4.36720
4.19725
3.94490
3.71830
3.66680
3.75950
3.86250
4.00155
4.11485
4.16120
4.16120
4.19210
4.16635
4.12000
4.07365
4.05305
4.05305
4.10970
4.08395
4.11485
4.10455
4.06850
4.08395
4.11485
4.13030
4.18180
4.22815
4.28480
4.28995
4.30540
4.38265
4.44960
4.48050
4.56290
4.65045
4.70195
4.74315
4.78950
4.67620
4.57320
4.42900
4.29510
4.10455
3.90885
3.73375
3.58440
3.43505
3.28570
3.13120
3.03850
2.92005
2.79645
2.68830
2.60075
2.47715
2.36900
2.24540
2.16300
2.06515
1.98790
1.87460
1.83340
1.75615
1.67890
1.65830
1.61710
1.54500
1.49865
1.51410
1.57075
1.53985
1.49865
1.48835
1.50380
1.49865
1.46260
1.40080
1.39565
1.37505
1.38020
1.34930
1.31325
1.29265
1.29780
1.28235
1.25145
1.22570
1.22570
1.21025
1.19995
1.19995
1.21025
1.21025
1.18450
1.14330
1.12785
1.12270
1.13815
1.11240
1.11755
1.09695
1.08150
1.05575
1.05575
1.00940
0.99910
1.00425
1.03000
1.04030
1.03000
0.99910
0.99910
0.98880
0.98365
1.00425
1.00940
0.99910
1.00940
1.00425
1.00425
0.97335
0.94760
0.93215
0.94245
0.92185
0.88580
0.88580
0.91155
0.89610
0.88580
0.86005
0.84460
0.76735
0.75190
0.75705
0.78280
0.77765
0.78795
0.78795
0.77250
0.73645
0.75190
0.74675
0.74160
0.72615
0.74675
0.76220
0.73645
0.66435
0.67980
0.71070
0.70555
0.70555
0.74675
0.73130
0.75705
0.78795
0.79310
0.76735
0.74675
0.75190
0.76735
0.79310
0.82400
0.80855
0.83945
0.84460
0.88065
0.88065
0.86520
0.88580
0.93215
0.97850
0.97850
0.95275
0.97335
0.99395
1.02485
1.05060
1.03515
1.06090
1.09180
1.08665
1.11240
1.15875
1.19480
1.17935
1.16390
1.13300
1.15360
1.17420
1.19995
1.21540
1.19480
1.18450
1.20510
1.19480
1.17420
1.18450
1.25660
1.31325
1.32355
1.26690
1.27205
1.27205
1.28235
1.29780
1.31840
1.31325
1.32355
1.32355
1.29780
1.25145
1.24630
1.25145
1.25145
1.22570
1.23085
1.22570
1.21540
1.18965
1.19480
1.17420
1.15875
1.15360
1.15360
1.13815
1.11240
1.10725
1.13815
1.14330
1.12270
1.10210
1.08150
1.07635
1.09695
1.10210
1.12785
1.13300
1.12270
1.09180
1.09695
1.13300
1.13815
1.15875
1.15875
1.14330
1.15360
1.14330
1.15360
1.12785
1.14845
1.16905
1.16390
1.14845
1.17420
1.17420
1.17420
1.19995
1.23600
1.22055
1.20510
1.22055
1.26175
1.29265
1.29265
1.28750
1.28750
1.31840
1.32355
1.30810
1.33385
1.33900
1.33385
1.32870
1.35960
1.36990
1.38020
1.41110
1.44200
1.48320
1.55530
1.60165
1.63770
1.63255
1.66860
1.70980
1.75100
1.76645
1.81795
1.85915
1.89005
1.92610
2.00335
2.05485
2.07545
2.11665
2.16300
2.17845
2.19905
2.24540
2.33295
2.41535
2.45655
2.48745
2.51320
2.52865
2.56470
2.59560
2.62650
2.65740
2.68315
2.67285
2.65740
2.63680
2.62650
2.62135
2.60590
2.59045
2.60590
2.56985
2.53380
2.52350
2.48745
2.43080
2.39475
2.37415
2.31750
2.27630
2.28660
2.28145
2.29690
2.32265
2.37415
2.38445
2.39475
2.41020
2.44110
2.48230
2.50805
2.54410
2.58530
2.63165
2.67285
2.71405
2.76040
2.78615
2.82220
2.84280
2.88400
2.90975
2.94580
2.99730
3.04365
3.04365
3.03335
3.02820
3.00245
2.98700
2.97155
2.91490
2.83250
2.70890
2.61105
2.52865
2.43595
2.34840
2.28145
2.24540
2.23510
2.20935
2.18360
2.17845
2.16815
2.15785
2.19390
2.21450
2.21965
2.25055
2.27115
2.24540
2.26600
2.31750
2.37930
2.42050
2.47715
2.53895
2.60075
2.65740
2.75525
2.84795
2.93550
2.98185
3.05910
3.16210
3.27540
3.38355
3.49685
3.56380
3.60500
3.61015
3.59985
3.60500
3.63590
3.63075
3.61015
3.62560
3.63075
3.65650
3.69770
3.70800
3.69770
3.70800
3.67195
3.65135
3.69255
3.69770
3.66165
3.67195
3.67710
3.65135
3.63590
3.58440
3.51745
3.47110
3.46080
3.44020
3.40415
3.38870
3.35780
3.31660
3.25480
3.13635
3.04880
2.96125
2.85825
2.79130
2.73465
2.67800
2.70375
2.77585
2.81190
2.83765
2.84795
2.85310
2.90460
2.99730
3.09000
3.19300
3.31660
3.43505
3.52775
3.57410
3.63590
3.69770
3.74920
3.83675
3.93975
4.04790
4.14575
4.26420
4.40325
4.52685
4.61955
4.69680
4.74830
4.77405
4.81525
4.86160
4.92340
5.01095
5.11395
5.18090
5.18090
5.14485
5.09850
5.07790
5.04185
5.01610
4.98005
4.87190
4.78950
4.82555
4.87190
4.88735
4.94915
5.07790
5.16030
5.20665
5.28905
5.36115
5.46930
5.57745
5.67530
5.77315
5.85555
5.94310
6.00490
6.03580
6.08730
6.10275
6.09760
6.12335
6.11305
6.07185
6.05125
6.04095
6.06670
6.07185
6.06670
6.06670
6.08215
6.11820
6.12850
6.11305
6.09760
6.13365
6.17485
6.18515
6.23665
6.34480
6.42205
6.47355
6.45810
6.51990
6.65380
6.72590
6.78770
6.84950
6.97825
7.15850
7.32330
7.45720
7.54990
7.61170
7.66835
7.68380
7.70955
7.75075
7.77650
7.82285
7.85375
7.92070
8.01340
8.09065
8.12670
8.16790
8.21425
8.24000
8.27090
8.33785
8.37390
8.38935
8.42025
8.40480
8.39450
8.43570
8.43055
8.40480
8.43570
8.45630
8.44085
8.48720
8.54385
8.57475
8.59535
8.63655
8.69835
8.71895
8.75500
8.81165
8.88890
8.97645
9.02280
9.03825
9.10520
9.17730
9.19275
9.20305
9.28030
9.30090
9.31635
9.38330
9.39875
9.45025
9.52750
9.59960
9.62535
9.69745
9.77985
9.83650
9.89830
9.98585
9.97555
9.94980
9.99615
10.06310
10.08370
10.10430
10.15065
10.17125
10.16610
10.17125
10.15065
10.17125
10.16610
10.15065
10.16095
10.15065
10.08885
10.02705
9.95495
9.87770
9.75925
9.64595
9.54295
9.49660
9.40905
9.37815
9.45025
9.57900
9.76440
9.96525
10.11460
10.24335
10.31030
10.43905
10.55235
10.63990
10.74290
10.78410
10.76865
10.78925
10.77895
10.78410
10.80985
10.81500
10.85105
10.86650
10.82015
10.82015
10.83560
10.88195
10.92830
10.93345
10.90770
10.92830
10.99010
11.03130
11.03130
11.00555
11.04160
11.07765
11.10340
11.08795
11.07250
11.12400
11.12400
11.10340
11.15490
11.21155
11.20125
11.19610
11.19095
11.20640
11.26305
11.29395
11.27850
11.29395
11.27850
11.21670
11.20640
11.19610
11.23730
11.25790
11.24245
11.19610
11.12915
11.11370
11.11885
11.11885
11.08795
11.07765
11.06220
11.05190
10.94375
10.85105
10.78410
10.70170
10.57810
10.44420
10.30000
10.18670
10.09915
10.02705
10.05280
10.14550
10.19185
10.25880
10.32575
10.38240
10.38755
10.37725
10.40815
10.33605
10.16095
10.02190
9.93435
9.95495
10.01160
10.10430
10.24335
10.40300
10.50600
10.57810
10.65535
10.70685
10.75835
10.78925
10.75320
10.79440
10.80985
10.79440
10.77380
10.87165
10.93860
10.89740
10.89740
10.91285
10.82530
10.81500
10.88195
10.90770
10.87680
10.83560
10.75835
10.71715
10.77380
10.84590
10.82530
10.78925
10.72745
10.68110
10.63990
10.59355
10.61415
10.63990
10.60385
10.60385
10.61930
10.55750
10.46995
10.45965
10.46480
10.45965
10.45450
10.41330
10.36695
10.36180
10.32575
10.26395
10.24850
10.27940
10.25365
10.21245
10.13520
10.08885
10.10430
10.16095
10.14550
10.09400
10.02190
9.95495
9.88285
9.87255
9.90345
9.91375
9.78500
9.67685
9.66140
9.66655
9.64080
9.62535
9.56870
9.54295
9.50175
9.42450
9.37815
9.38330
9.31635
9.28030
9.26485
9.30090
9.24425
9.22365
9.18245
9.15155
9.04340
8.98675
8.96100
8.91980
8.90435
8.87345
8.80135
8.72410
8.67775
8.65715
8.64170
8.57990
8.51295
8.51295
8.52325
8.48205
8.37905
8.26575
8.19365
8.22455
8.18850
8.10095
8.03915
7.98250
7.92070
7.80740
7.77650
7.78680
7.72500
7.70955
7.70955
7.62200
7.52930
7.49840
7.46235
7.42115
7.34905
7.30785
7.19970
7.09670
7.05550
7.02975
6.98340
6.89070
6.75165
6.65895
6.66410
6.65895
6.58685
6.49930
6.42720
6.36540
6.29845
6.24180
6.22120
6.16455
6.11820
6.05125
5.92765
5.83495
5.76800
5.73710
5.68045
5.64440
5.64440
5.53625
5.49505
5.48990
5.35600
5.28905
5.26845
5.20150
5.17060
5.16545
5.17575
5.19635
5.12425
5.10880
5.11910
5.12940
5.10365
5.06245
5.05730
5.11910
5.08820
5.09335
5.07275
5.02640
5.01095
5.05730
5.09335
5.12940
5.06760
5.02125
4.99035
4.99550
4.99550
4.94400
4.88735
4.88220
4.87190
4.86160
4.87705
4.85645
4.83585
4.86160
4.79465
4.76890
4.75860
4.72255
4.70710
4.74315
4.77405
4.73285
4.65560
4.60410
4.56805
4.54745
4.57835
4.61955
4.52685
4.43415
4.38265
4.41870
4.40325
4.36205
4.34660
4.37750
4.27450
4.20240
4.16635
4.15605
4.12000
4.09940
4.09940
4.07880
4.04790
4.04275
4.00155
3.97580
3.91400
3.85220
3.88310
3.88310
3.84705
3.79555
3.72345
3.69255
3.70285
3.69255
3.68225
3.67195
3.62045
3.55350
3.54835
3.56895
3.50200
3.47110
3.48655
3.49685
3.44020
3.38355
3.38355
3.44020
3.42475
3.35780
3.30115
3.33720
3.35265
3.33205
3.24965
3.22905
3.26510
3.27025
3.24965
3.23420
3.18270
3.16210
3.16725
3.17755
3.10545
3.04880
3.06940
3.10030
3.06940
3.07970
3.11575
3.09000
3.05910
3.02820
2.95610
2.99215
3.04880
3.04365
3.02305
3.00245
2.95610
2.96125
2.99215
3.03335
3.05395
3.05910
2.99215
2.97670
3.00760
3.03335
3.01790
3.07970
3.05910
2.98700
3.02305
3.09515
3.03850
3.00245
2.99215
3.06940
3.00760
2.93550
2.93550
2.91490
2.87370
2.94580
3.00245
3.00245
2.98185
2.92520
2.85825
2.82220
2.79130
2.78615
2.81705
2.86340
2.81705
2.76555
2.76555
2.75010
2.70375
2.71405
2.76040
2.75010
2.71920
2.69345
2.68830
2.75010
2.71920
2.73465
2.67285
2.59045
2.55955
2.59045
2.62650
2.66770
2.61105
2.63680
2.67800
2.66770
2.62650
2.59560
2.55955
2.54925
2.54925
2.55440
2.48745
2.44110
2.38445
2.38960
2.38960
2.49260
2.46685
2.44110
2.44110
2.44625
2.39475
2.29175
2.29175
2.38445
2.34840
2.35355
2.37415
2.35355
2.31235
2.26085
2.32780
2.41020
2.32780
2.30720
2.29690
2.30205
2.29690
2.21965
2.20935
2.24540
2.21450
2.29175
2.26600
2.26085
2.19905
2.16815
2.18360
2.21965
2.22480
2.14240
2.13725
2.26085
2.33810
2.36900
2.29175
2.22995
2.16300
2.00850
2.00335
2.14755
2.21450
2.18875
2.24025
2.24540
2.16300
2.16300
2.14755
2.13725
2.13210
2.03940
2.03425
2.18360
2.21965
2.21450
2.17330
2.19905
2.19390
2.17845
2.15785
2.18360
2.17845
2.20420
2.18360
2.28145
2.32780
2.29690
2.22480
2.13210
2.18875
2.26600
2.20935
2.25570
2.38445
2.40505
2.36385
2.35870
2.29175
2.32265
2.43080
2.49775
2.50805
2.58530
2.47715
2.41535
2.51320
2.55955
2.47715
2.43080
2.38960
2.46685
2.48230
2.50805
2.47200
2.45655
2.48745
2.53380
2.60590
2.60075
2.47715
2.46170
2.46170
2.49260
2.52350
2.52865
2.53380
2.61105
2.59045
2.52350
2.50290
2.59560
2.66770
2.59560
2.48745
2.56470
2.58015
2.70890
2.75010
2.59045
2.53380
2.58015
2.58015
2.62135
2.65740
2.67800
2.59560
2.48745
2.51835
2.53380
2.52350
2.65740
2.78615
2.78615
2.62650
2.51835
2.60075
2.79130
2.84795
2.83250
2.74495
2.70890
2.66255
2.67285
2.66770
2.78100
2.71920
2.74495
2.88400
2.84795
2.68830
2.67285
2.71920
2.79645
2.79645
2.73465
2.72950
2.78615
2.70375
1.97245
1.88490
1.78190
1.75615
1.74070
1.74585
1.71495
1.57590
1.55530
1.63255
1.75615
1.84370
1.90035
1.98275
1.98275
1.88490
1.90550
1.99305
1.95185
1.91065
2.01365
2.09605
2.03425
2.03940
2.12180
2.18360
2.31750
2.39990
2.44110
2.56985
2.64710
2.61105
2.65225
2.84280
2.99730
2.98700
3.13120
3.24450
3.21875
3.13635
2.98700
2.94065
2.91490
2.81190
2.65225
2.55955
2.63165
2.75010
2.80675
3.11575
3.35780
3.55350
3.94490
4.55260
5.09335
5.79890
6.42720
6.81345
7.35420
8.08550
8.66745
9.18245
9.60990
10.09915
10.50085
10.82015
11.28365
11.77290
11.96860
12.33940
12.56600
12.78745
13.12220
13.53935
13.74020
13.92560
14.08525
14.29640
14.51785
14.57450
14.72385
14.96075
15.07405
15.26975
15.48090
15.53755
15.48605
15.64570
15.78475
15.89290
15.90835
16.02165
16.20190
16.27915
16.29975
16.48515
16.59330
16.63965
16.72720
16.81475
16.85080
16.92290
16.95380
16.87655
16.86625
17.14950
17.43790
17.32975
17.21645
17.37095
17.36580
17.39670
17.47395
17.49970
17.54605
17.58725
17.63360
17.76750
17.62330
17.73145
17.82930
17.75720
17.74175
17.81900
17.90140
18.03530
18.16920
18.10740
17.89625
17.92200
17.99925
18.12285
18.23615
18.24130
18.32370
18.24130
18.21040
18.29795
18.30310
18.33915
18.28765
18.46275
18.59150
18.66875
18.74085
18.77175
18.55030
18.58635
18.68935
18.66875
18.58120
18.63270
18.77175
18.92110
18.97260
18.98290
18.94170
18.93140
19.00350
19.28675
19.26100
18.91595
18.76145
18.91080
19.02410
19.15800
19.08075
19.01380
19.02410
19.00350
19.13225
19.09620
18.79750
19.01895
19.13740
19.21465
19.26100
19.31250
19.30220
19.17860
19.18375
19.12195
19.06015
19.27130
19.38975
19.49790
19.49275
19.47730
19.60605
19.67300
19.55970
19.48760
19.54940
19.53395
19.43610
19.44640
19.60605
19.67815
19.59060
19.70390
19.78115
19.68330
19.95550
19.92025
20.18800
20.32455
20.02495
20.35810
20.40275
20.69070
20.71500
20.84235
20.94695
21.14585
21.05520
21.23385
21.33110
21.56565
21.80370
21.94750
22.11815
22.06775
22.47080
22.57150
22.50495
22.61610
22.69600
22.95345
23.04235
23.03580
22.89735
23.25750
23.37740
23.32590
23.27710
23.40745
23.47255
23.51920
23.55005
23.84190
23.84610
24.03180
24.29115
24.41425
24.48325
24.69955
24.81235
24.95695
25.10235
25.30090
25.35935
25.49480
25.46150
25.58385
25.65800
25.76380
25.70950
25.60645
25.56360
25.53235
25.58185
25.46010
25.37370
25.23505
25.22505
25.03875
24.85700
24.71940
24.62370
24.36725
23.99535
23.65605
23.43125
23.37220
23.36350
23.47780
23.69170
23.95765
24.16160
24.32085
24.50510
24.60770
24.72120
24.77455
24.75320
24.74120
24.74380
24.80435
24.80025
24.78450
24.72650
24.67675
24.60895
24.54995
24.50530
24.46620
24.34835
24.30225
24.33150
24.37890
24.41785
24.44235
24.54950
24.69105
24.77930
24.85350
24.91460
24.95810
24.97630
24.98310
24.99150
24.98580
24.96490
24.93975
24.87245
24.81860
24.77495
24.71825
24.63170
24.54250
24.46295
24.38680
24.31835
24.26165
24.22400
24.20620
24.18665
24.12965
24.11090
24.08800
23.98540
23.92775
23.86660
23.79500
23.69960
23.58165
23.46225
23.36465
23.26980
23.12825
23.03535
22.95050
22.85085
22.80715
22.74490
22.65570
22.64435
22.81420
23.07515
23.44695
23.97245
24.59505
25.22490
25.83125
26.38620
26.86650
27.30025
27.64885
27.89375
28.06145
28.18655
28.26250
28.31560
28.37845
28.39940
28.39495
28.40640
28.39615
28.37065
28.38290
28.37455
28.34195
28.33060
28.32580
28.30875
28.28470
28.27020
28.24680
28.20830
28.20510
28.23855
28.27545
28.27895
28.23785
28.21940
28.19865
28.17680
28.16640
28.16805
28.18850
28.19355
28.17910
28.15230
28.13150
28.14300
28.11710
28.10535
28.08595
28.06115
28.01790
27.97840
27.95260
27.94125
27.91220
27.88445
27.85905
27.83460
27.82695
27.79870
27.73280
27.73215
27.69770
27.64120
27.60990
27.58775
27.58940
27.58845
27.52450
27.47915
27.47115
27.44745
27.38860
27.37120
27.34880
27.31235
25.25075
25.18490
25.10695
25.01875
24.90180
24.82430
24.68965
24.47310
24.24560
24.06225
24.08705
24.28270
24.42330
24.60740
24.76770
24.86885
24.99830
25.08850
25.10760
25.15530
25.23195
25.27695
25.22780
25.09435
25.02670
25.04730
25.12075
25.16900
25.19855
25.16065
25.04480
24.97800
24.90635
24.89765
24.82845
24.81710
24.81670
24.74710
24.70425
24.66820
24.65125
24.57535
24.49380
24.52710
24.46675
24.39695
24.34515
24.34330
24.28680
24.21905
24.14205
24.15010
24.09150
24.02515
23.96685
23.91455
23.90365
23.84105
23.79280
23.73280
23.69745
23.60675
23.58830
23.52960
23.48800
23.43675
23.40210
23.33980
23.29880
23.24810
23.19755
23.14715
23.07805
23.04505
23.02625
22.98030
22.89665
22.81505
22.78625
22.76500
22.69100
22.66315
22.62105
22.53330
22.48690
22.44825
22.44665
22.36630
22.31415
22.27690
22.18905
22.15795
22.11335
22.03050
21.99795
21.92165
21.87375
21.80425
21.79580
21.76375
21.67945
21.61215
21.57400
21.51215
21.44240
21.39595
21.34350
21.28350
21.21375
21.19250
21.12050
21.06660
21.00210
20.91170
20.85205
20.82390
20.75445
20.68965
20.60885
20.58415
20.49930
20.41370
20.34330
20.29600
20.24770
20.17595
20.10535
20.03130
19.95220
19.87425
19.78595
19.69790
19.64570
19.64445
19.73045
19.70415
19.63115
19.56555
19.51355
19.48750
19.41290
19.33880
19.31515
19.23665
19.15095
19.16505
19.05225
18.85195
18.87515
19.03480
19.23655
19.21865
19.13545
19.05515
18.99890
18.97100
18.85395
18.77690
18.70660
18.61095
18.54545
18.42320
18.32610
18.24085
18.15150
18.05460
17.91740
17.79135
17.72180
17.63110
17.48795
17.38250
17.28180
17.15550
17.03925
16.92325
16.83660
16.71445
16.57490
16.45880
16.35350
16.23680
16.11340
16.01215
15.87930
15.74925
15.62095
15.48715
15.37325
15.24815
15.11735
15.01120
14.87955
14.76135
14.65975
14.54520
14.42710
14.30850
14.18980
14.07570
13.97465
13.86565
13.76160
13.66015
13.56115
13.46555
13.34810
13.26965
