  480   384     1    87.19    28.41   446.15   446.15
  600   480     1    40.65    83.12   438.34   438.34
  600   480     1    88.73   136.18   316.68   316.68
  600   480     1    15.23    95.66   382.64   382.64
  600   480     1    44.29   123.71   374.63   374.63
  596   476     1    17.36    72.18   451.56   451.56
  480   640     1   213.49   133.49   225.44   225.44
  600   480     1    17.42    59.87   456.72   456.72
  600   480     1    61.02   106.54   381.98   381.98
  480   384     1    59.84    69.16   446.15   446.15
  600   480     1    83.64   164.53   382.38   382.38
  648   518     1     0.11    92.64   529.11   529.11
  960   768     1   168.27   289.89   620.69   620.69
  600   480     1    27.35    97.33   441.74   441.74
  600   480     1    37.15    94.60   381.98   381.98
  600   480     1    74.63   156.50   321.58   321.58
  600   480     1     3.84   109.09   441.37   441.37
  600   480     1   161.80   249.40   262.41   262.41
  480   384     1    48.12    85.68   311.94   311.94
  600   480     1    87.48   133.44   321.34   321.34
  600   480     1    64.36   144.80   320.94   320.94
  600   480     1    60.35   129.70   380.93   380.93
  600   480     1    49.17   176.02   382.38   382.38
  600   480     1    96.60   173.27   367.74   367.74
  600   480     1     8.54   222.25   383.43   383.43
  600   480     1    78.63   145.54   315.77   315.77
  600   480     1    83.33   129.70   380.93   380.93
  600   480     1    49.32   135.56   312.87   312.87
  960   768     1   121.34   216.57   638.95   638.95
  600   480     1   117.79    98.36   315.74   315.74
  600   480     1    17.48    30.30   443.25   443.25
  960   768     1    12.87   151.50   747.45   747.45
  600   480     1    53.75    83.20   438.66   438.66
  960   768     1    10.48   151.50   747.45   747.45
  600   480     1    30.40    83.73   443.71   443.71
  600   480     1    48.85    48.85   380.90   380.90
  600   480     1    14.08    38.07   441.55   441.55
  600   480     1    62.92   106.36   368.56   368.56
  480   384     1    41.04   177.00   310.90   310.90
  621   486     1    75.00    60.00   624.09   624.09
  960   768     1   341.28   189.02   619.79   619.79
  240   240     1    21.68    14.25   190.79   190.79
  240   240     1    46.78    28.18   134.32   134.32
  600   480     1    98.97   143.48   321.34   321.34
  600   480     1   143.24   190.49   221.94   221.94
  600   480     1    51.67   139.53   368.28   368.28
  600   480     1    90.93    73.68   533.34   533.34
  600   480     1    15.25   103.10   442.59   442.59
  600   480     1    23.21    78.19   433.67   433.67
  600   480     1    98.05   136.28   315.74   315.74
  600   480     1    34.68    64.88   439.03   439.03
  240   240     1    43.55    32.84   159.93   159.93
  600   480     1    54.66   135.70   379.12   379.12
  600   480     1    46.33    49.06   375.18   375.18
  480   384     1    21.68    11.77   317.13   317.13
  600   480     1    30.57    56.75   442.28   442.28
  600   480     1    46.61   116.62   373.17   373.17
  600   480     1    49.32   129.33   381.14   381.14
  480   384     1    43.24    50.38   383.36   383.36
  600   480     1    27.03    82.86   438.66   438.66
  960   768     1   212.12   330.01   628.76   628.76
 2000  3008     1   616.14   446.88  1110.47  1110.47
  960   768     1   114.46   151.98   620.71   620.71
  600   480     1    37.39   106.62   440.46   440.46
  600   480     1    34.94    88.28   373.17   373.17
  600   480     1    60.53    95.00   381.78   381.78
  600   480     1    18.71   116.58   379.07   379.07
  600   480     1    76.54   118.60   312.65   312.65
  600   480     1    75.37   102.03   374.40   374.40
  600   480     1    48.90   129.33   381.14   381.14
  600   480     1    26.06   106.94   381.78   381.78
  600   480     1    60.66   141.10   382.38   382.38
  600   480     1    30.93    56.53   443.71   443.71
  600   480     1    27.47   110.37   442.27   442.27
  600   480     1    51.67    39.51   368.28   368.28
  600   480     1    63.18   117.16   368.28   368.28
  600   480     1    52.72   100.97   369.69   369.69
  600   480     1    15.64     2.02   435.89   435.89
  600   480     1    69.80   146.26   317.42   317.42
  600   480     1    64.55    84.19   314.00   314.00
  600   480     1    94.94    60.97   383.78   383.78
  600   480     1    27.17   123.43   439.23   439.23
  480   384     1    22.23    79.45   319.30   319.30
  389   657     1   183.76    40.94   259.58   259.58
  600   480     1    23.87    68.05   452.45   452.45
  600   480     1    52.28    50.65   369.42   369.42
  600   480     1    13.59    74.50   522.03   522.03
  600   480     1     4.88    91.44   530.65   530.65
  480   384     1     3.39    73.50   366.25   366.25
  600   480     1   118.49   228.99   366.92   366.92
  600   480     1    49.53   118.47   381.98   381.98
  480   384     1    90.41    47.75   259.52   259.52
  240   240     1    61.14     9.68   191.33   191.33
  600   480     1    57.42    80.83   443.33   443.33
  600   480     1    30.57    96.75   442.28   442.28
  600   480     1    63.44   117.10   368.05   368.05
  960   768     1    52.51   139.98   532.86   532.86
  600   480     1    57.33   118.26   312.65   312.65
  600   480     1    99.73    57.08   368.44   368.44
  960   768     1   260.67   380.11   521.44   521.44
  240   240     1     7.33     7.33   189.34   189.34
  600   480     1    67.46    96.91   438.66   438.66
  600   480     1   114.28   241.28   312.65   312.65
  480   384     1    28.29    10.11   452.67   452.67
  600   480     1    97.61   156.50   321.58   321.58
  600   480     1    67.04    92.85   440.46   440.46
  480   384     1    18.60   127.21   313.65   313.65
  300   300     1    45.44     1.73   314.25   314.25
  600   480     1    28.09    74.05   531.18   531.18
  600   480     1   102.39    25.21   445.84   445.84
  600   480     1    13.44   106.56   532.45   532.45
  480   384     1    23.88    78.44   445.61   445.61
  600   480     1    63.18    94.14   368.28   368.28
  240   320     1    81.86     8.53   221.86   221.86
  640   480     1    38.10   101.59   446.98   446.98
  600   480     1     8.78    22.07   521.75   521.75
  724   596     1    18.32    86.54   622.25   622.25
  600   480     1    25.50   129.33   381.14   381.14
  480   384     1     6.91     7.61   371.48   371.48
  600   480     1    99.90   143.01   313.60   313.60
  960   768     1   228.12   307.18   371.63   371.63
  600   480     1    17.06   110.40   443.71   443.71
  240   240     1    43.55    20.69   159.93   159.93
  852   681     1    24.67   213.94   631.93   631.93
  600   480     1    43.42    39.89   532.45   532.45
  600   480     1    40.68   105.86   367.77   367.77
  600   480     1    41.22   110.76   441.98   441.98
  600   480     1    73.86   117.27   367.46   367.46
  600   480     1    40.68    83.49   367.77   367.77
  600   480     1     9.76     2.02   376.91   376.91
  960   768     1    47.65    93.55   752.56   752.56
  600   480     1    49.51   116.41   378.00   378.00
  240   240     1    49.94    78.11   133.18   133.18
  240   240     1    41.92    45.60   154.54   154.54
  600   480     1    52.69    80.71   369.64   369.64
  600   480     1     7.79   112.88   446.29   446.29
  600   480     1    30.71    70.71   445.17   445.17
  480   640     1    94.19    83.22   380.42   380.42
  600   480     1    29.82    57.54   443.48   443.48
  600   480     1    19.03    58.19   522.03   522.03
  600   480     1    83.37   141.24   381.14   381.14
  480   384     1     8.64    60.48   378.36   378.36
  960   768     1   299.44   245.44   443.17   443.17
  600   480     1    19.18    21.69   530.82   530.82
  600   480     1    58.06   114.23   375.18   375.18
  480   384     1    32.20    89.43   319.30   319.30
  600   480     1    51.94   150.98   368.05   368.05
  960   768     1   179.72   146.90   525.24   525.24
  960   768     1   259.39   194.97   525.57   525.57
  600   480     1    60.66   153.04   382.38   382.38
  600   480     1    72.51   106.54   381.98   381.98
  600   480     1    48.90   129.33   381.14   381.14
  480   384     1    18.32    84.17   368.75   368.75
  600   480     1    31.21    68.43   455.52   455.52
  474   632     1    88.38    14.03   436.13   436.13
  480   384     1    41.01    69.81   319.14   319.14
  600   480     1    60.44    71.93   381.36   381.36
  600   480     1    16.75    56.75   442.28   442.28
  240   240     1    74.16    26.84   133.57   133.57
  600   480     1    24.12    47.41   450.48   450.48
  480   384     1    12.06    83.94   383.36   383.36
  600   480     1    60.66   164.08   382.38   382.38
  600   480     1    85.35    39.28   367.46   367.46
  600   480     1     1.34    38.66   522.59   522.59
  600   480     1    52.69    92.26   369.64   369.64
  600   480     1    55.77    97.83   367.36   367.36
  600   480     1    88.44   136.23   315.54   315.54
  600   480     1   142.66    80.30   311.69   311.69
  600   480     1    58.93   106.95   313.10   313.10
  858   736     1   104.79   103.95   897.45   897.45
  600   480     1    70.10   136.30   317.22   317.22
  600   480     1    74.44   139.92   368.56   368.56
  600   480     1   135.63   164.57   314.18   314.18
  480   384     1    89.45    97.66   262.62   262.62
  240   240     1    39.45    88.13   112.30   112.30
  960   768     1   171.14   234.07   369.83   369.83
  600   480     1     3.41    97.24   442.28   442.28
  600   480     1    83.66    72.64   382.46   382.46
  480   640     1   201.40   100.80   312.62   312.62
  600   480     1    27.03    82.86   438.66   438.66
  600   480     1    51.94   105.92   368.05   368.05
  480   384     1    14.31    84.69   365.25   365.25
  960   768     1   277.03   358.03   373.93   373.93
  600   480     1    26.36   100.40   441.97   441.97
  600   480     1   131.86    82.13   443.38   443.38
  960   768     1    39.07   170.99   621.24   621.24
  600   480     1    23.68   160.56   446.29   446.29
  960   768     1    52.75   165.53   756.71   756.71
  960   768     1   235.06   111.85   622.50   622.50
  240   240     1    47.31    24.46   190.16   190.16
  480   384     1    14.55   105.50   378.36   378.36
  600   480     1    49.06    80.98   444.58   444.58
  600   480     1    49.17   153.04   382.38   382.38
  600   480     1   118.71   217.47   366.67   366.67
  960   768     1     5.45    62.39   908.04   908.04
  480   384     1     1.03    10.34   443.19   443.19
  600   480     1    16.96    30.30   443.25   443.25
  600   480     1    13.22    79.89   532.45   532.45
  600   480     1    37.36    48.85   380.90   380.90
  600   480     1    31.43   114.33   370.71   370.71
  960   768     1    31.04   127.30   740.16   740.16
  600   480     1    37.47   136.50   441.35   441.35
  960   768     1    44.54   331.77   638.95   638.95
  600   480     1    14.30    97.20   441.18   441.18
  960   768     1   117.99   174.32   519.33   519.33
  600   480     1    71.98    95.39   381.57   381.57
  600   480     1    10.27    30.76   443.02   443.02
  600   480     1     3.41    83.41   442.28   442.28
  480   384     1    20.65    49.45   313.84   313.84
  480   384     1    14.55    94.13   378.36   378.36
  480   384     1     7.13    29.03   368.87   368.87
  960   768     1   141.37    84.49   529.71   529.71
  600   480     1    17.24    83.41   442.28   442.28
  240   240     1    58.51    24.70   112.33   112.33
  600   480     1     3.17   141.50   382.17   382.17
  600   480     1    74.18    94.76   372.15   372.15
  240   240     1    42.97    48.62    93.18    93.18
  600   480     1    58.29   122.28   372.15   372.15
  960   768     1   155.15   267.31   632.45   632.45
  600   480     1    43.41   110.57   442.28   442.28
  600   480     1    27.62    64.64   433.67   433.67
  600   480     1    78.05   143.53   315.00   315.00
  480   384     1    46.18    76.59   313.27   313.27
  480   384     1    38.64   104.48   311.74   311.74
  600   480     1    40.99    39.06   367.77   367.77
  600   480     1     3.32    95.24   382.87   382.87
  240   240     1     4.33    17.56   134.87   134.87
  600   480     1    17.06   123.73   443.71   443.71
  960   768     1   122.91   204.82   532.56   532.56
  600   480     1    13.67    42.21   521.68   521.68
  600   480     1    30.17   133.58   321.76   321.76
  600   480     1    30.24    26.34   530.73   530.73
  600   480     1    51.52    67.71   441.37   441.37
  600   480     1     3.73    70.40   443.71   443.71
  960   768     1   278.81   267.52   318.26   318.26
  600   480     1    26.95    69.76   438.34   438.34
  960   768     1    15.44   171.05   738.97   738.97
  960   768     1   149.55   341.55   534.20   534.20
  600   480     1    66.76   136.30   438.60   438.60
  240   240     1    47.45    41.98   190.79   190.79
  600   480     1    31.68   156.13   433.67   433.67
  960  1280     1   348.33    61.16   627.54   627.54
  600   480     1     9.37    80.87   523.47   523.47
  600   480     1     3.14    59.87   456.72   456.72
  480   384     1    25.46   122.64   269.57   269.57
  600   480     1    88.43   136.22   316.85   316.85
  600   480     1    60.53   106.94   381.78   381.78
  600   480     1    59.94    76.62   373.17   373.17
  600   480     1    76.48    58.98   525.19   525.19
  960   768     1   188.09   274.52   443.79   443.79
  480   384     1    20.28     8.52   443.54   443.54
  600   480     1    54.88    83.90   441.43   441.43
  600   480     1    82.04    58.04   367.36   367.36
  480   384     1     4.70    41.56   371.48   371.48
  960   768     1   132.59   219.37   622.70   622.70
  600   480     1     3.73    70.40   443.71   443.71
  600   480     1    69.78   102.51   375.18   375.18
  600   480     1    21.96    93.20   446.56   446.56
  600   480     1    63.17   124.10   367.36   367.36
  960   768     1   330.06   273.17   529.38   529.38
 2000  3008     1   819.91   379.83  1113.07  1113.07
  600   480     1   116.42   122.80   221.94   221.94
  480   384     1    49.66    49.45   313.84   313.84
  600   480     1    36.08    32.44   433.67   433.67
  600   480     1    37.60   118.47   381.98   381.98
  600   480     1    47.07   130.33   374.40   374.40
  600   480     1    67.46   119.92   432.29   432.29
  600   480     1    95.96    86.05   317.17   317.17
  600   480     1    84.09    97.83   367.36   367.36
  600   480     1    51.94   117.74   368.05   368.05
  600   480     1     3.41    83.41   442.28   442.28
  600   480     1   107.71   165.06   316.14   316.14
  600   480     1    41.29   110.37   442.27   442.27
  600   480     1    49.00    83.47   381.57   381.57
  960   768     1   179.13   143.20   535.46   535.46
  600   480     1    16.75    53.22   532.45   532.45
  600   480     1    72.02    95.00   381.78   381.78
  600   480     1    37.39    79.09   440.46   440.46
  480   384     1     8.35    49.45   313.84   313.84
 1280   960     1   320.07   253.46   520.34   520.34
  240   240     1    13.56     6.60   218.39   218.39
  600   480     1    40.68   106.47   367.77   367.77
  600   480     1    13.02    21.45   447.33   447.33
  240   240     1    63.29    39.82   111.26   111.26
  480   384     1    95.19   168.99   313.55   313.55
  600   480     1     6.69   109.84   443.38   443.38
  480   384     1    22.27    99.07   319.47   319.47
  600   480     1    43.58    66.34   530.73   530.73
  480   384     1    31.26    43.16   383.36   383.36
  600   480     1   123.72   137.14   312.65   312.65
  400   300     1    63.46    91.92   184.61   184.61
  600   480     1     3.47    79.09   440.46   440.46
  960   768     1   271.21   289.89   620.69   620.69
  600   480     1    62.92   139.92   368.56   368.56
  600   480     1    27.09   110.00   438.93   438.93
  600   480     1    20.16    53.01   530.73   530.73
  600   480     1    16.75    83.41   442.28   442.28
  240   240     1    39.88    10.89   159.50   159.50
  600   480     1    81.58   225.81   263.24   263.24
  960   768     1   145.96    58.43  1041.03  1041.03
  600   480     1     6.16    98.94   446.29   446.29
  600   480     1    30.87    43.68   443.48   443.48
  240   240     1    39.52    61.32   155.58   155.58
  600   480     1     3.41    56.75   442.28   442.28
  600   480     1    16.49   116.27   371.23   371.23
  600   480     1    21.25    50.88   445.10   445.10
  600   480     1    40.17   141.83   441.97   441.97
  600   480     1    30.57    83.41   442.28   442.28
  600   480     1     4.61    64.06   375.18   375.18
  600   480     1     8.01    51.34   446.56   446.56
  480   384     1     3.44    96.17   366.47   366.47
  600   480     1    73.36   225.81   263.24   263.24
  480   384     1    36.85    62.85   367.25   367.25
  600   480     1   180.67   121.90   374.40   374.40
  480   384     1    10.09    47.51   380.11   380.11
  240   240     1    36.11    18.74   190.16   190.16
  600   480     1    57.24    96.75   442.28   442.28
  600   480     1   110.87   177.77   266.91   266.91
  600   480     1    37.68   141.10   382.38   382.38
  600   480     1    61.16    43.00   524.86   524.86
  960   768     1   290.31   289.92   310.34   310.34
  600   480     1    17.60    70.40   443.71   443.71
  600   480     1    35.76    21.69   530.82   530.82
  600   480     1    63.18   151.36   368.28   368.28
  960   768     1   163.72   115.72   525.24   525.24
  240   240     1     1.71    15.28   221.14   221.14
  600   480     1    63.05   133.44   321.34   321.34
  600   480     1    30.44     2.59   528.59   528.59
  600   480     1   107.40   164.85   383.63   383.63
  600   480     1    30.93    70.40   443.71   443.71
  960   768     1    52.13   119.52   754.26   754.26
  600   480     1    39.42    83.57   441.92   441.92
  600   480     1     3.41    83.41   442.28   442.28
  600   480     1   129.53   153.53   263.01   263.01
  600   480     1   138.89   148.05   306.15   306.15
  600   480     1    26.28   167.62   317.00   317.00
  809   647     1    24.95   101.35   629.29   629.29
  600   480     1    91.23    33.91   618.37   618.37
  960   768     1    76.47   132.87   619.79   619.79
  600   480     1     3.44   153.31   383.43   383.43
  960   768     1   160.26   198.66   641.04   641.04
  240   240     1     5.14    39.42   223.97   223.97
  600   480     1     2.82    21.61   522.44   522.44
  480   384     1     5.07    41.38   445.85   445.85
  960   768     1   355.69   127.94   532.29   532.29
  960   768     1   230.25   285.98   521.99   521.99
  960   768     1   117.48   308.80   533.93   533.93
  960   768     1   324.11   305.76   523.96   523.96
  600   480     1    71.23   114.04   374.67   374.67
  600   480     1    27.09    96.28   438.93   438.93
  600   480     1     4.21   112.88   446.29   446.29
  480   384     1     7.28    85.45   368.27   368.27
  480   384     1     2.61    69.81   319.14   319.14
  600   480     1    49.04    95.00   381.78   381.78
  480   384     1    51.47     0.61   535.92   535.92
  600   480     1   152.39   106.02   367.19   367.19
  480   384     1     8.06    84.94   366.25   366.25
  600   480     1     8.73    95.99   443.38   443.38
  600   480     1     7.24    78.60   439.03   439.03
  600   480     1    83.32    48.85   380.90   380.90
 1704  2272     1   624.39   406.12   632.86   632.86
  600   480     1    26.16    59.35   521.75   521.75
  960   768     1    34.30   162.85   630.85   630.85
  600   480     1    60.53    95.00   381.78   381.78
  960   768     1    15.09    26.23   877.89   877.89
  240   240     1    54.40    42.88   155.10   155.10
  600   480     1    35.11    63.44   373.66   373.66
  240   240     1     5.91     7.42   222.89   222.89
  960   768     1   278.43   317.61   524.55   524.55
  960   768     1    11.58   112.70   896.57   896.57
  480   384     1     8.41   106.27   379.59   379.59
  600   480     1    40.08    34.05   442.11   442.11
  600   480     1    63.18   117.16   368.28   368.28
  600   480     1    34.07    14.81   616.31   616.31
  600   480     1    40.68   150.91   367.77   367.77
  600   480     1     3.47    79.09   440.46   440.46
  600   480     1    43.68    43.68   443.48   443.48
  600   480     1    52.79   111.71   320.70   320.70
  600   480     1    14.90   201.54   263.04   263.04
  600   480     1    27.09   110.00   438.93   438.93
  240   240     1    21.95    15.04   221.14   221.14
  600   480     1    16.75   110.57   442.28   442.28
  600   480     1    17.06    70.40   443.71   443.71
  600   480     1    43.41    56.75   442.28   442.28
  600   480     1    30.40    83.73   443.71   443.71
  600   480     1    11.55    57.06   368.38   368.38
  480   384     1    43.24    95.92   383.36   383.36
  981   793     1    34.36   128.30   875.09   875.09
  480   384     1    26.07    82.50   377.13   377.13
  600   480     1    11.93    71.27   456.10   456.10
  600   480     1     9.86    22.07   521.75   521.75
  600   480     1    17.06    70.40   443.71   443.71
  600   480     1    26.28    60.76   380.90   380.90
  240   240     1     1.46     8.37   221.14   221.14
  600   480     1   121.49   137.70   262.82   262.82
  480   384     1    37.02    11.27   454.02   454.02
  600   480     1    53.50    52.99   620.39   620.39
  240   240     1    36.11    29.94   190.16   190.16
  240   240     1    49.07    60.95   131.80   131.80
  600   480     1    85.35   117.27   367.46   367.46
  600   480     1    52.11   125.09   368.56   368.56
  600   480     1    15.25    83.38   442.59   442.59
  600   480     1    83.37   129.33   381.14   381.14
  480   384     1    19.01    13.52   445.85   445.85
  960   768     1    75.19   141.02   744.84   744.84
  600   480     1     9.98   127.90   450.88   450.88
  600   480     1     6.57    50.88   445.10   445.10
  936   748     1    17.21   132.02   749.99   749.99
  600   480     1    10.14   110.40   443.71   443.71
  480   384     1    26.44    31.42   315.34   315.34
  600   480     1    69.21   165.17   318.15   318.15
  600   480     1    70.17   165.34   318.89   318.89
  480   640     1    16.00    42.25   372.22   372.22
  480   384     1    23.25    19.63   372.04   372.04
  600   480     1    49.00    83.47   381.57   381.57
  600   480     1    98.30   126.68   315.54   315.54
  600   480     1    16.80   124.63   445.17   445.17
  640   480     1   145.36   103.16   431.57   431.57
  600   480     1    60.34    48.85   380.90   380.90
  960   768     1    15.27    84.69   896.57   896.57
  600   480     1    17.60   110.40   443.71   443.71
  600   480     1    95.41   127.70   312.65   312.65
  480   384     1    59.84    27.87   446.15   446.15
  240   240     1    55.58    28.97    94.12    94.12
  600   480     1    37.39    79.09   440.46   440.46
  480   384     1    62.78    11.87   537.69   537.69
  600   480     1    67.20    85.57   440.85   440.85
  600   480     1    17.60   110.40   443.71   443.71
  600   480     1    37.68   164.08   382.38   382.38
  480   384     1    21.96    35.64   380.11   380.11
  600   480     1    10.03   104.45   447.90   447.90
  600   480     1    63.18   128.67   368.28   368.28
  600   480     1    60.58   118.47   381.98   381.98
  600   480     1    60.35   117.80   380.93   380.93
  600   480     1    40.44   105.92   368.05   368.05
  480   384     1     8.08    72.80   369.36   369.36
  600   480     1    19.65    82.97   529.33   529.33
  600   480     1    17.24    97.24   442.28   442.28
  480   384     1    38.20    94.13   378.36   378.36
  480   384     1     6.83    89.36   262.23   262.23
  480   384     1    36.74    96.23   366.71   366.71
  600   480     1     8.78    78.00   521.75   521.75
  600   480     1    22.59    95.99   443.38   443.38
  600   480     1    76.13   104.80   379.66   379.66
  600   480     1    60.36    19.64   628.50   628.50
  600   480     1    85.97   127.70   312.65   312.65
  600   480     1    72.85    71.55   381.57   381.57
  600   480     1    99.90   154.19   313.60   313.60
  600   480     1    63.44   117.42   368.05   368.05
  600   480     1    67.96   134.54   375.35   375.35
  600   480     1    85.35   128.46   367.46   367.46
  600   480     1    12.95   104.45   447.90   447.90
  600   480     1    48.48   129.33   381.14   381.14
  960   768     1   228.12   228.44   371.63   371.63
  600   480     1    90.10   141.62   313.60   313.60
  912   729     1    49.59   172.54   635.04   635.04
  600   480     1     3.68    57.54   443.48   443.48
  600   480     1    53.01   133.44   321.34   321.34
  600   480     1     5.06    78.60   439.03   439.03
  600   480     1    36.22   159.64   368.56   368.56
  960   768     1   401.62   271.38   523.96   523.96
  600   480     1    30.93   110.40   443.71   443.71
  600   480     1    44.26    83.73   443.71   443.71
  600   480     1    11.85    45.60   456.72   456.72
  960   768     1   106.88   205.88   628.73   628.73
  600   480     1    25.55   110.80   442.17   442.17
  600   480     1    28.74    58.52   525.46   525.46
  600   480     1    48.28   126.61   373.17   373.17
  480   384     1    48.39    62.60   367.49   367.49
  480   384     1    31.87    89.09   319.47   319.47
  600   480     1    99.90   144.39   313.60   313.60
  960   768     1   101.29   158.89   638.60   638.60
  480   384     1    57.66   105.66   262.62   262.62
  600   480     1    17.05    59.87   456.72   456.72
  600   480     1   106.62   129.61   382.38   382.38
  960   768     1   196.42    41.61   747.57   747.57
  480   384     1     3.64    62.54   367.24   367.24
  480   384     1    63.42    48.93   444.42   444.42
  600   480     1    60.58   106.54   381.98   381.98
  960   768     1   204.87   231.87   442.84   442.84
  600   480     1    42.80   165.78   370.12   370.12
  600   480     1    40.68    72.61   367.77   367.77
  600   480     1    60.35   129.70   380.93   380.93
  600   480     1    19.84    88.42   456.72   456.72
  600   480     1     3.41   110.57   442.28   442.28
  480   384     1    19.78    11.96   445.46   445.46
  600   480     1    40.99    61.43   367.77   367.77
  960   768     1   194.17   183.19   371.35   371.35
  240   240     1    53.49     1.73   263.52   263.52
  600   480     1    96.60   117.65   367.74   367.74
  960   768     1     6.90    97.86   759.19   759.19
  600   480     1    40.99   172.97   367.77   367.77
  480   384     1    18.55    63.00   369.33   369.33
  480   384     1    51.21    56.75   454.02   454.02
  600   480     1    41.22    96.95   441.98   441.98
  600   480     1    49.04    95.00   381.78   381.78
  480   384     1    48.12     9.62   311.94   311.94
  300   220     1     4.32    63.73   187.99   187.99
  960   768     1   170.87   113.50   619.79   619.79
  960   768     1   173.03   155.05   451.05   451.05
  600   480     1    68.72   126.06   313.10   313.10
  600   480     1    66.85    49.55   370.88   370.88
  480   384     1    73.25    68.63   446.15   446.15
  600   480     1   114.14   122.34   314.51   314.51
  600   480     1    43.02   125.92   370.71   370.71
  600   480     1     5.06    78.60   439.03   439.03
  600   480     1    24.06    92.85   440.46   440.46
  600   480     1    44.60   245.32   373.82   373.82
  600   480     1    33.23    39.42   527.06   527.06
  600   480     1    74.44    72.14   368.56   368.56
  600   480     1   107.85    83.85   367.97   367.97
  600   480     1    36.22   136.61   368.56   368.56
  960   768     1   218.71   123.87   442.84   442.84
  600   480     1    29.86   123.73   443.71   443.71
  600   480     1    13.22   103.25   532.45   532.45
  960   768     1   114.85   132.98   620.25   620.25
  960   768     1   121.03   237.06   641.04   641.04
  240   240     1    18.45    38.29    94.26    94.26
  240   240     1   108.93    40.83   131.31   131.31
  600   480     1    43.87   106.96   528.92   528.92
  480   384     1    37.85    59.76   377.13   377.13
  240   240     1    52.87    60.99   131.97   131.97
 1170  1824     1   481.30   103.12  1047.69  1047.69
  600   480     1    85.11    94.67   367.74   367.74
  600   480     1    62.55    86.23   372.15   372.15
  600   480     1    20.48    50.88   445.10   445.10
  240   240     1     8.37     1.71   221.14   221.14
  600   480     1    41.22    96.95   441.98   441.98
  600   480     1    26.95    69.76   438.34   438.34
  600   480     1    15.25    55.72   442.59   442.59
  600   480     1    60.34    48.85   380.90   380.90
  960   768     1    98.38   117.95   538.35   538.35
  600   480     1    74.44   128.73   368.56   368.56
  600   480     1    12.99    83.68   440.58   440.58
  960   768     1   243.31   131.31   525.24   525.24
  600   480     1    26.95    43.03   438.34   438.34
  480   384     1    69.89   137.09   319.47   319.47
  480   384     1    31.74    60.18   318.98   318.98
  600   480     1    30.71    70.71   445.17   445.17
  960   768     1   179.39   194.97   525.57   525.57
  600   480     1     1.34    91.99   522.59   522.59
  600   480     1    11.85     4.44   521.48   521.48
  240   240     1    52.90    12.90   131.62   131.62
  480   384     1    31.41    79.79   319.14   319.14
  600   480     1     7.01    16.67   443.83   443.83
  480   384     1    37.02    56.75   454.02   454.02
  480   384     1    21.58    63.44   315.54   315.54
  600   480     1    74.44    95.18   368.56   368.56
  480   384     1    16.27    98.80   376.46   376.46
  600   480     1    72.51   130.41   381.98   381.98
  600   480     1    25.13    94.07   454.95   454.95
  600   480     1    72.02   106.94   381.78   381.78
  600   480     1    49.27   117.80   380.93   380.93
  600   480     1    14.22    83.75   440.86   440.86
  600   480     1     0.85    97.12   440.86   440.86
  600   480     1   118.57   172.94   260.55   260.55
  960   768     1   280.36   240.67   532.56   532.56
  600   480     1    10.15   126.90   440.85   440.85
  600   480     1    33.07    33.07   529.13   529.13
  600   480     1    44.58    20.90   525.70   525.70
  240   240     1    24.46    13.03   190.16   190.16
  480   384     1    43.24    64.74   383.36   383.36
  480   384     1    25.65    53.93   454.02   454.02
  240   240     1    73.06    60.94   131.77   131.77
  600   480     1    30.93    70.40   443.71   443.71
  480   384     1    30.14    63.31   369.09   369.09
  480   384     1    33.54    16.98   437.04   437.04
  600   480     1    51.94    16.44   368.05   368.05
  600   480     1     5.06    78.60   439.03   439.03
  600   480     1     8.23    68.43   455.52   455.52
  600   480     1   120.70   145.54   372.15   372.15
  600   480     1    74.18   118.02   372.15   372.15
  240   240     1    20.55     6.35   220.89   220.89
  600   480     1    81.54   103.29   372.15   372.15
  480   384     1    25.79    11.09   452.56   452.56
  480   384     1    53.10    14.10   451.08   451.08
  960   768     1   347.15   203.10   450.18   450.18
  600   480     1    22.89    48.58   444.18   444.18
  960   768     1    30.63   122.57   759.19   759.19
  960  1280     1   446.11   101.51   639.09   639.09
  600   480     1    14.22    83.75   440.86   440.86
  600   480     1    39.02   163.70   441.73   441.73
  600   480     1    62.03    77.00   374.40   374.40
  600   480     1    83.56    94.60   381.98   381.98
  600   480     1     7.21    18.52   443.26   443.26
  240   240     1    29.11    35.96   187.85   187.85
  600   480     1    88.27   155.18   316.14   316.14
  960   768     1   332.39   122.63   531.82   531.82
  480   384     1    12.63    89.43   319.30   319.30
  480   384     1    21.89    98.69   319.47   319.47
  960   768     1   200.70   101.08   637.61   637.61
  600   480     1    94.50    99.21   317.46   317.46
  600   480     1    37.60   118.47   381.98   381.98
  600   480     1    31.50   145.03   377.67   377.67
  600   480     1     0.93    82.98   441.17   441.17
  600   480     1    60.12    63.44   373.66   373.66
  600   480     1     0.44    83.75   440.86   440.86
  600   480     1    48.28   116.62   373.17   373.17
  960   768     1    29.06   174.62   754.04   754.04
  780   624     1    91.16   141.14   444.23   444.23
  480   640     1   143.52    41.37   444.73   444.73
  600   480     1    63.18   117.48   368.28   368.28
  600   480     1    63.18    83.92   368.28   368.28
  480   384     1    58.47    61.50   436.00   436.00
  600   480     1    41.22   110.76   441.98   441.98
  600   480     1     3.41    83.41   442.28   442.28
  600   480     1    30.40    57.06   443.71   443.71
  960   768     1    39.08   111.97   893.65   893.65
  600   480     1    39.65   126.90   440.85   440.85
  480   384     1    62.40   141.55   373.17   373.17
  600   480     1    75.77   121.73   320.70   320.70
  240   240     1    31.75    23.50   264.07   264.07
  480   384     1    48.12    94.78   311.94   311.94
  600   480     1   148.64   122.27   268.92   268.92
  240   240     1    44.26    19.09   130.73   130.73
  600   480     1   106.11    73.48   311.79   311.79
  600   480     1    15.98    53.24   618.37   618.37
  600   480     1    63.18    61.55   368.28   368.28
  480   384     1     8.68    14.96   378.17   378.17
  600   480     1   194.12    93.60   268.92   268.92
  240   240     1    68.34     7.26   130.73   130.73
  600   480     1    14.48    71.93   381.36   381.36
 1280   960     1   317.59   265.26   379.14   379.14
  960   768     1   152.25   284.21   448.66   448.66
  960   768     1   313.57   124.58   538.10   538.10
  600   480     1    30.84    24.41   521.75   521.75
  960   768     1    30.63    97.86   759.19   759.19
  480   384     1    21.78    60.18   318.98   318.98
  600   480     1    53.90    96.35   439.24   439.24
  600   480     1     1.34    62.33   522.59   522.59
  600   480     1    28.50    98.97   521.75   521.75
  960   768     1   293.59   309.29   620.69   620.69
  600   480     1    74.44   106.03   368.56   368.56
  600   480     2   122.40   156.87   322.64   322.64
  600   480     2   162.73   308.11   322.64   322.64
  600   480     1    21.25    64.79   445.10   445.10
  480   384     1    30.16    75.63   319.25   319.25
  600   480     1    37.99   106.94   381.78   381.78
  600   480     1    40.44   105.92   368.05   368.05
  600   480     1    58.29   110.65   372.15   372.15
  960   768     1    75.66   189.22   620.71   620.71
  600   480     1    34.00    91.99   522.59   522.59
  480   384     1    32.16    39.21   373.81   373.81
  480   384     1    26.07    71.13   377.13   377.13
  480   640     1    59.73    60.10   377.54   377.54
  960   768     1    81.29    90.81   627.44   627.44
  480   384     1    23.33    83.72   368.19   368.19
  600   480     1    27.47   124.19   442.27   442.27
  600   480     1    86.31   193.76   312.65   312.65
  480   384     1    31.38    70.14   318.98   318.98
  480   384     1    37.02    22.64   454.02   454.02
  240   240     1    16.90    48.79   131.62   131.62
  600   480     1    38.25   104.77   449.89   449.89
  600   480     1    51.56   133.44   321.34   321.34
  600   480     1    14.01   129.33   381.14   381.14
  960   768     1   180.77   237.53   517.74   517.74
  600   480     1    43.68    43.68   443.48   443.48
  600   480     1    71.46   131.72   457.36   457.36
  600   480     1    72.58     2.69   618.37   618.37
  960   768     1   321.01   256.50   638.95   638.95
  600   480     1    69.21   102.30   369.28   369.28
  240   240     1    20.91     0.91   258.72   258.72
  480   384     1    14.98    51.55   366.76   366.76
  600   480     1    41.16    83.53   441.74   441.74
  600   480     1    63.18   117.16   368.28   368.28
  240   240     1    54.31    16.01   186.20   186.20
  600   480     1    37.68   153.04   382.38   382.38
  240   240     1    67.71    16.19   155.06   155.06
  600   480     1    35.37   143.67   374.40   374.40
  240   240     1    66.48     3.29   111.26   111.26
  600   480     1    98.77   143.67   374.40   374.40
  960   768     1   126.86    88.86   629.61   629.61
  240   240     1    75.20    36.97   156.61   156.61
  600   480     1    13.34    83.75   440.86   440.86
  600   480     1    38.04   106.54   381.98   381.98
  600   480     1    16.75    83.41   442.28   442.28
  600   480     1    26.95    42.70   438.34   438.34
  600   480     1    44.39    83.41   442.28   442.28
  600   480     1   117.60   222.73   319.12   319.12
  480   384     1    12.18    60.18   318.98   318.98
  480   384     1    37.40   151.19   313.55   313.55
  480   384     1     1.47    34.82   375.72   375.72
  600   480     1    68.67   183.36   312.89   312.89
  960   768     1   114.03    76.03   621.11   621.11
  600   480     1    37.71   183.33   378.12   378.12
  960   768     1   271.41   197.56   621.12   621.12
  600   480     1    60.35   129.70   380.93   380.93
  960   768     1    83.05   225.06   638.50   638.50
  240   240     1    72.76    84.87   131.46   131.46
  600   480     1     2.56    71.93   381.36   381.36
  600   480     1    91.23    15.27   618.37   618.37
  240   240     1     1.37     7.08   190.16   190.16
  480   440     1    58.97    58.97   372.18   372.18
  600   480     1   133.49   137.47   312.65   312.65
  600   480     1    60.76   117.80   380.93   380.93
  600   480     1    30.24    53.01   530.73   530.73
  600   480     1    49.48    95.00   381.78   381.78
  600   480     1    26.18    57.01   456.10   456.10
  600   480     1    12.51   135.26   376.27   376.27
  960   768     1   260.21   127.00   519.61   519.61
  480   384     1    37.02    34.01   454.02   454.02
  600   480     1    37.22   152.59   382.38   382.38
  480   384     1    41.01    69.81   319.14   319.14
  960   768     1    95.46   246.77   620.25   620.25
  600   480     1    43.73   137.06   443.71   443.71
  600   480     1    17.01    43.68   443.48   443.48
  960   768     1    31.42   251.37   621.67   621.67
  480   384     1    29.17    38.14   311.54   311.54
  600   480     1    63.17   107.27   367.36   367.36
  600   480     1    48.90   141.24   381.14   381.14
  474   632     1   157.64    98.97   372.41   372.41
  480   384     1    43.24    76.72   383.36   383.36
  972   777     1    30.16   149.26   740.65   740.65
  600   480     1    80.55    96.63   438.94   438.94
  480   384     1    37.16    51.37   367.25   367.25
  600   480     1    31.62   127.71   314.28   314.28
  600   480     1    22.58     9.12   456.41   456.41
  960   768     1   177.27     3.48   630.29   630.29
  480   384     1    30.72    97.80   262.11   262.11
  480   384     1    18.42   146.77   267.08   267.08
  600   480     1    37.55   106.94   381.78   381.78
  960   768     1   108.46   114.68   622.70   622.70
  480   384     1     1.47    34.82   375.72   375.72
  480   384     1    53.33    37.33   443.74   443.74
  960   768     1   180.77   237.15   517.74   517.74
  480   384     1    58.25   142.94   219.09   219.09
  600   480     1     9.95   100.16   452.55   452.55
  600   480     1    75.37   155.37   374.40   374.40
  600   480     1   109.77    81.69   224.61   224.61
  600   480     1    55.35   206.74   441.91   441.91
  600   480     1    97.76   145.54   263.04   263.04
  600   480     1    68.21   142.19   315.00   315.00
  480   384     1    14.63    85.39   376.46   376.46
  600   480     1    86.69    62.69   375.97   375.97
  600   480     1    27.35    97.33   441.74   441.74
  480   384     1    40.00    78.28   311.99   311.99
  600   480     1    96.60   106.46   367.74   367.74
  600   480     1     0.57   110.62   441.44   441.44
  960   768     1    54.35    74.13   759.19   759.19
  600   480     1    41.35   137.61   442.49   442.49
  600   480     1    31.11    11.85   521.48   521.48
  480   384     1    16.63    79.37   314.94   314.94
  600   480     1    74.44    61.29   368.56   368.56
  600   480     1    81.53   135.62   317.00   317.00
  480   384     1    26.50    41.02   369.31   369.31
  960   768     1   330.02   202.94   628.76   628.76
  960   768     1    70.75   114.78   881.26   881.26
  600   480     1   115.65   196.70   262.40   262.40
  600   480     1    51.94   139.48   368.05   368.05
  600   480     1    60.29    12.74   630.57   630.57
  600   480     1    58.29   122.28   372.15   372.15
  480   384     1    38.67   129.63   315.36   315.36
  600   480     1    13.44   123.43   439.23   439.23
  240   240     1    25.69    42.83   159.93   159.93
  240   240     1     6.76    13.42   219.84   219.84
  600   480     1    48.90   129.33   381.14   381.14
  600   480     1    30.71   137.38   445.17   445.17
  600   480     1     3.41    97.24   442.28   442.28
  620   494     1    69.16   114.17   442.59   442.59
  600   480     1    72.07   118.47   381.98   381.98
  600   480     1    59.26   189.82   368.56   368.56
  960   768     1   124.10    82.98   750.47   750.47
  600   480     1    57.54    43.68   443.48   443.48
  600   480     1    79.14   114.01   369.77   369.77
  480   384     1    25.65    53.93   454.02   454.02
  600   480     1    31.06    96.75   442.28   442.28
  480   384     1    32.49    42.35   446.15   446.15
  600   480     1    49.38    71.93   381.36   381.36
  960   768     1   155.13   100.61   528.56   528.56
  600   480     1    16.75    56.75   442.28   442.28
  240   240     1    30.86    10.86   158.50   158.50
  600   480     1   105.81   193.58   263.24   263.24
  600   480     1    11.55    80.09   368.38   368.38
  600   480     1    88.44    88.14   315.54   315.54
  600   480     1     9.86    24.41   521.75   521.75
  600   480     1    27.17   109.71   439.23   439.23
  480   384     1    53.34     5.34   443.54   443.54
  600   480     1    16.76    39.42   527.06   527.06
  240   240     1    52.90    28.79   131.62   131.62
  600   480     1    98.97   143.48   321.34   321.34
  600   480     1   153.61   121.61   262.43   262.43
  600   480     1    30.71    70.71   445.17   445.17
  600   480     1    99.90   165.38   313.60   313.60
  600   480     1    52.18   128.54   367.77   367.77
  600   480     1    93.81    23.75   317.98   317.98
  600   480     1    44.44    11.85   521.48   521.48
  600   480     1     3.26   101.87   372.99   372.99
  600   480     1     8.54   164.80   383.43   383.43
  600   480     1    49.04    95.00   381.78   381.78
  960   768     1   160.26   198.66   641.04   641.04
  480   384     1     1.08    22.38   443.54   443.54
  600   480     1    59.93    48.85   380.90   380.90
  480   384     1    33.08    14.95   445.91   445.91
  600   480     1    17.56    17.56   523.81   523.81
  600   480     1    57.60   150.40   443.71   443.71
  960   768     1    91.71   110.90   893.65   893.65
  600   480     1    60.46   100.46   369.83   369.83
  960   768     1   396.23   103.25   529.38   529.38
  480   384     1    43.24    76.72   383.36   383.36
  600   480     1    12.55    69.47   441.97   441.97
 1704  2272     1   832.55   216.99   778.46   778.46
  960   768     1    36.47   170.87   752.53   752.53
  600   480     1    51.94    83.87   368.05   368.05
  600   480     1    89.54   177.76   263.04   263.04
  600   480     1    56.77    91.43   314.28   314.28
  480   384     1     4.46    63.31   369.09   369.09
  480   384     1    28.90   104.48   311.74   311.74
  600   480     1    59.94   128.28   373.17   373.17
  480   384     1    51.21    36.83   454.02   454.02
  600   480     1     7.21    46.22   443.26   443.26
  480   384     1    27.28    51.81   319.38   319.38
  960  1280     1   285.30   161.83   879.70   879.70
  480   384     1    46.34    99.60   368.19   368.19
  960   768     1   166.87   195.05   746.42   746.42
  600   480     1    51.94    72.68   368.05   368.05
  600   480     1     3.41    83.41   442.28   442.28
  600   480     1    60.49    95.39   381.57   381.57
  600   480     1     3.42    23.25   532.45   532.45
  600   480     1    30.57    83.41   442.28   442.28
  600   480     1    51.67   128.34   368.28   368.28
  600   480     1   105.81   145.81   263.24   263.24
  480   384     1     3.18    71.85   378.36   378.36
  600   480     1    71.60   126.61   373.17   373.17
  600   480     1    97.24    75.74   320.60   320.60
  534   449     1    10.38    31.13   454.37   454.37
  600   480     1    43.58    26.34   530.73   530.73
  600   480     1    85.85    90.55   380.98   380.98
  960   768     1    31.81   239.96   747.13   747.13
  240   240     1    63.77    15.57   159.85   159.85
  960   768     1   214.84   144.60   744.84   744.84
  600   480     1    83.90    83.47   381.57   381.57
  600   480     1    85.35   117.27   367.46   367.46
  240   240     1    95.29    37.74   110.73   110.73
  480   384     1    43.50    28.19   451.08   451.08
  480   384     1   182.33   103.60   258.97   258.97
  600   480     1    91.48    95.79   367.36   367.36
  600   480     1    63.18   117.80   368.28   368.28
  960   768     1   104.48    20.33   629.61   629.61
  600   480     1    51.67   105.97   368.28   368.28
  600   480     1   110.95   181.33   261.53   261.53
  600   480     1    47.60   113.80   374.04   374.04
  960   768     1   104.48   113.94   629.61   629.61
  240   240     1    18.74    24.46   190.16   190.16
  600   480     1    63.18   173.08   368.28   368.28
  600   480     1    83.37   129.33   381.14   381.14
  600   480     1   125.09   119.96   262.40   262.40
  960   768     1    39.08    57.19   893.65   893.65
  240   240     1    92.29    29.76   157.46   157.46
  600   480     1   191.64    66.07   372.15   372.15
  600   480     1    25.88   129.70   380.93   380.93
  600   480     1    53.42   158.69   440.85   440.85
  600   480     1     6.69    95.99   443.38   443.38
  600   480     1    82.84   154.18   370.00   370.00
  600   480     1    36.08   101.92   433.67   433.67
  600   480     1    40.17   116.84   441.97   441.97
  480   384     1    11.65    59.34   452.56   452.56
  600   480     1    48.86   117.80   380.93   380.93
  480   384     1     9.98    32.89   374.94   374.94
  600   480     1    44.39    83.41   442.28   442.28
  600   480     1    60.58    94.60   381.98   381.98
  600   480     1    76.54   156.01   312.65   312.65
  600   480     1    50.45    95.26   373.37   373.37
  960   768     1   108.59   106.01   531.82   531.82
  480   384     1    58.67   146.67   266.69   266.69
  480   384     1    22.83    19.83   454.02   454.02
  240   240     1    34.09    17.76   154.52   154.52
  960   768     1   213.70    83.29   747.00   747.00
  600   480     1    53.73   111.36   367.36   367.36
  600   480     1    35.58    74.08   616.03   616.03
  600   480     1    37.57   144.93   377.00   377.00
  600   480     1    60.68    60.68   382.46   382.46
  996   796     1    35.82   163.62   739.30   739.30
  600   480     1    91.23    15.27   618.37   618.37
  600   480     1    43.42    79.89   532.45   532.45
  600   480     1     3.63    30.30   443.25   443.25
  960   768     1   346.49   220.62   523.96   523.96
  480   384     1    59.31    55.76   446.15   446.15
  480   384     1    11.65    31.06   452.56   452.56
  600   480     1    69.51    95.30   441.37   441.37
  960  1280     1   134.10     5.46  1048.83  1048.83
  600   480     1     9.86    59.35   521.75   521.75
  600   480     1    49.04    95.00   381.78   381.78
  960   768     1   244.43   124.20   754.04   754.04
  480   384     1     7.20    37.53   371.96   371.96
  600   480     1    27.09    96.28   438.93   438.93
  600   480     1     2.48   117.80   380.93   380.93
  600   480     1     8.51    60.93   383.58   383.58
  600   480     1    95.08   156.35   312.65   312.65
  600   480     1    17.24    56.75   442.28   442.28
  240   240     1    16.04    10.22   186.31   186.31
  960   768     1   129.40   167.80   536.96   536.96
  600   480     1    47.59    57.15   380.73   380.73
  600   480     1    92.41   272.27   225.09   225.09
  480   384     1    43.24    67.12   383.36   383.36
  600   480     1   107.56   109.13   317.46   317.46
  600   480     1    98.11   145.58   315.96   315.96
  600   480     1    60.66   152.59   382.38   382.38
  480   384     1    11.65    11.65   452.56   452.56
  600   480     1    96.35   162.46   367.97   367.97
  600   480     1    25.88   129.70   380.93   380.93
  600   480     1    17.24    83.41   442.28   442.28
  960   768     1   216.77   270.84   529.38   529.38
  600   480     1     8.29    57.01   456.10   456.10
  600   480     1    23.68   112.88   446.29   446.29
  600   480     1    49.48    95.00   381.78   381.78
  600   480     1    67.12    69.84   438.66   438.66
  600   480     1    65.63   113.42   372.11   372.11
  480   384     1     8.64    48.66   378.36   378.36
  600   480     1    79.63   111.56   315.69   315.69
  480   384     1     7.29   141.75   371.80   371.80
  960   768     1   353.28   216.81   630.71   630.71
  960  1280     1   375.86   103.49   736.92   736.92
  600   480     1    13.44    56.53   532.45   532.45
  600   480     1    74.44   139.92   368.56   368.56
  600   480     1    60.49    83.47   381.57   381.57
  960   768     1   135.32   268.12   632.14   632.14
  780   624     1   329.45   121.82   372.07   372.07
  960   768     1    82.56   159.36   640.71   640.71
  600   480     1    88.75   155.36   315.57   315.57
  600   480     1    13.25    83.12   438.34   438.34
  600   480     1    24.19    47.87   442.11   442.11
  960   768     1   159.95   121.55   639.78   639.78
  600   480     1    24.26   102.13   449.39   449.39
  600   480     1   113.41    89.41   375.97   375.97
  600   480     1    79.12   146.03   316.48   316.48
  480   384     1    53.10    28.19   451.08   451.08
  480   384     1     4.70    41.56   371.48   371.48
  600   480     1    41.32   137.54   263.04   263.04
  979   783     1   140.94   236.30   517.22   517.22
  600   480     1    72.07   118.47   381.98   381.98
  600   480     1    63.70    28.15   521.48   521.48
  600   480     1     3.41   110.57   442.28   442.28
  600   480     1    43.58    42.93   530.73   530.73
  960   768     1    77.35   165.27   630.71   630.71
  240   240     1    33.46    14.56   156.67   156.67
  480   384     1    89.52   105.52   262.97   262.97
  600   480     1   129.70   209.70   262.82   262.82
  600   480     1    44.29   124.10   367.36   367.36
  600   480     1    13.66    26.34   530.73   530.73
  600   480     1    43.42    76.58   532.45   532.45
  600   480     1    60.76   117.80   380.93   380.93
  960   768     1   275.63   237.23   518.12   518.12
  480   384     1    18.10    29.90   318.92   318.92
  600   480     1     3.73   150.40   443.71   443.71
  600   480     1    27.99    70.81   440.86   440.86
  600   480     1    85.35    94.90   367.46   367.46
  600   480     1    63.18   117.48   368.28   368.28
  600   480     1    64.90   167.00   314.28   314.28
  480   384     1     1.22    60.22   376.46   376.46
  960   768     1    81.29    88.04   627.44   627.44
  960   768     1   314.48    93.85   628.29   628.29
  600   480     1    10.60   141.28   372.15   372.15
  960   768     1   146.74   245.92   622.96   622.96
  600   480     1    51.94    61.49   368.05   368.05
  600   480     1    17.06    84.26   443.71   443.71
  480   640     1    19.84    68.67   447.67   447.67
  600   480     1   116.67   126.23   313.77   313.77
  600   480     1    11.71   107.34   530.65   530.65
  480   384     1    38.90    29.33   311.54   311.54
  480   384     1    31.52    26.08   380.58   380.58
  600   480     1    93.95   151.00   445.84   445.84
  480   384     1    10.54    87.03   376.46   376.46
  600   480     1    29.50   162.40   367.77   367.77
  600   480     1    49.00    95.39   381.57   381.57
  600   480     1    49.00    95.39   381.57   381.57
  600   480     1    46.66   129.65   372.15   372.15
  600   480     1    25.72    93.20   446.56   446.56
  480   384     1    22.63    16.65   434.96   434.96
  600   480     1    27.09   110.00   438.93   438.93
  600   480     1    85.35    83.72   367.46   367.46
  960   768     1    52.75   165.53   756.71   756.71
  600   480     1    43.73   137.06   443.71   443.71
  474   632     1   134.59    31.10   369.89   369.89
  600   480     1    75.85   144.80   320.94   320.94
  600   480     1   118.77    94.77   366.92   366.92
  240   240     1    41.21    41.21   111.14   111.14
  600   480     1    27.03    96.57   438.66   438.66
  600   480     1    12.76   209.44   221.94   221.94
  480   384     1    91.09   107.70   445.61   445.61
  600   480     1    78.83   146.08   316.68   316.68
  240   240     1     9.53    73.11   191.45   191.45
  480   384     1    57.31    56.87   311.01   311.01
  480   384     1     3.18    82.77   378.36   378.36
  600   480     1    85.11    94.67   367.74   367.74
  960   768     1   101.14   289.89   620.69   620.69
  480   384     1     7.65    13.24   438.29   438.29
  600   480     1    26.11   106.54   381.98   381.98
  600   480     1    26.02    83.47   381.57   381.57
  600   480     1    51.67   105.65   368.28   368.28
  960   768     1   178.90    82.90   525.24   525.24
  600   480     1    78.83   126.62   315.34   315.34
  480   384     1    75.59   111.19   371.00   371.00
  960   768     1    38.62    19.50   621.64   621.64
  600   480     1     3.19    39.89   532.45   532.45
  960  1280     1   309.99   221.55   635.81   635.81
  960   768     1   291.23   175.49   621.94   621.94
  600   480     1    45.52    71.27   456.10   456.10
  960   768     1     0.13    66.16   751.01   751.01
  600   480     1    84.10   175.57   382.38   382.38
  240   240     1    93.03    78.11   110.85   110.85
  474   632     1   179.88    15.71   437.36   437.36
  600   480     1    17.60    70.40   443.71   443.71
  960   768     1   248.25   338.65   443.33   443.33
  480   384     1     2.69   147.07   319.47   319.47
  600   480     1    95.09   130.02   382.19   382.19
  600   480     1    52.40    51.01   529.32   529.32
  240   240     1    48.77    31.63   158.50   158.50
  600   480     1    67.12   223.41   315.69   315.69
  600   480     1   109.01   123.40   321.34   321.34
  600   480     1    62.92   117.22   368.56   368.56
  600   480     1    62.92   106.03   368.56   368.56
  600   480     1    28.74    58.52   525.46   525.46
  240   240     1    64.95    38.95    94.37    94.37
  600   480     1    51.31   111.01   440.85   440.85
  600   480     1     8.78    78.00   521.75   521.75
  480   384     1    17.50    97.11   372.06   372.06
  960   768     1    39.28    31.18   892.72   892.72
  600   480     1    86.43    45.43   441.16   441.16
  640   480     1    49.33    89.33   371.18   371.18
  600   480     1    56.03   125.56   369.77   369.77
  600   480     1    57.33   109.16   312.65   312.65
  600   480     1     9.86    24.41   521.75   521.75
  600   480     1    49.04    95.00   381.78   381.78
  600   480     1    95.34    71.93   381.36   381.36
  960   768     1   152.85   246.48   621.11   621.11
  600   480     1    14.22    69.98   440.86   440.86
  600   480     1    23.62    92.85   440.46   440.46
  600   480     1    98.97   123.40   321.34   321.34
  480   384     1    53.09   104.62   269.57   269.57
  240   240     1    79.37    41.56   134.86   134.86
  600   480     1    28.28    42.57   525.19   525.19
  474   632     1   161.25    36.38   372.69   372.69
  240   240     1    21.87    16.04   186.31   186.31
  480   384     1    51.79    30.17   370.61   370.61
  600   480     1    26.19   198.09   382.38   382.38
  600   480     1    73.86   106.09   367.46   367.46
  960   768     1   141.40   147.60   734.07   734.07
  600   480     1    23.75   126.90   440.85   440.85
  600   480     1    26.15     3.17   456.41   456.41
  600   480     1    48.86   117.80   380.93   380.93
  600   480     1    28.80    42.57   525.19   525.19
  600   480     1    54.05   155.81   314.28   314.28
  600   480     1     3.73    70.40   443.71   443.71
  794   618     1    12.92    90.69   625.93   625.93
  480   384     1    53.33    37.33   443.74   443.74
  600   480     1    60.93    49.33   371.18   371.18
  474   632     1    51.83    18.24   367.05   367.05
  600   480     1    49.17   164.08   382.38   382.38
  480   384     1     5.68    41.82   446.15   446.15
  600   480     1    47.07   143.67   374.40   374.40
  600   480     1    30.84    43.05   521.75   521.75
  240   240     1    44.90    52.90   131.62   131.62
  600   480     1   105.62   169.62   263.41   263.41
  600   480     1    21.96    65.29   446.56   446.56
  600   480     1    25.58    37.44   379.57   379.57
  600   480     1   142.45   193.49   185.92   185.92
  600   480     1    69.84    39.78   529.96   529.96
  600   480     1    72.58    14.59   618.37   618.37
  960   768     1   123.51   309.29   620.69   620.69
  480   384     1    14.19    85.98   454.01   454.01
  480   384     1    72.29   121.46   269.57   269.57
  600   480     1    53.82    96.63   438.94   438.94
  960   768     1   266.46   168.05   622.96   622.96
  600   480     1    36.90   116.71   367.36   367.36
  600   480     1    60.36    19.64   628.50   628.50
  600   480     1    49.53   106.54   381.98   381.98
  600   480     1    17.60    84.26   443.71   443.71
  600   480     1   106.90   175.84   383.63   383.63
  600   480     1    26.68    60.68   382.46   382.46
  600   480     1    51.94   162.16   368.05   368.05
  600   480     1    19.70    90.87   375.46   375.46
  480   384     1    67.03    76.31   311.01   311.01
  600   480     1    14.43   129.33   381.14   381.14
  600   480     1    16.75    96.75   442.28   442.28
  600   480     1    43.84     0.67   527.94   527.94
  600   480     1     3.41    56.75   442.28   442.28
  600   480     1     3.41    83.41   442.28   442.28
  600   480     1    12.07    79.85   454.95   454.95
  960   768     1     9.02   127.66   745.24   745.24
  960   768     1   100.91   212.21   534.43   534.43
  600   480     1    71.51    37.94   306.15   306.15
  600   480     1    15.06   129.96   381.97   381.97
  600   480     1    49.09   118.47   381.98   381.98
  600   480     1    37.95    74.94   446.29   446.29
  600   480     1    12.92    83.34   440.86   440.86
  600   480     1    26.95    56.40   438.34   438.34
  960   768     1   141.30   235.77   638.95   638.95
  600   480     1     0.78    16.47   440.58   440.58
  600   480     1     3.73    84.26   443.71   443.71
  600   480     1    78.29    84.78   447.46   447.46
  600   480     1    72.15   140.64   382.38   382.38
  600   480     1    72.61   176.02   382.38   382.38
  480   384     1    46.20    83.76   366.13   366.13
  960   768     1   140.23   178.63   641.04   641.04
  600   480     1    69.61   155.29   316.66   316.66
  600   480     1     7.09    80.87   523.47   523.47
  480   384     1    33.64   115.12   383.36   383.36
  600   480     1     6.45    75.66   521.75   521.75
  480   384     1    51.21    56.75   454.02   454.02
  480   384     1    53.01    57.18   454.01   454.01
  600   480     1    85.35   106.09   367.46   367.46
  480   384     1    53.33    37.33   443.74   443.74
  600   480     1     5.04   124.08   369.69   369.69
  600   480     1   105.73   124.46   306.15   306.15
  600   480     1   197.54   124.79   440.85   440.85
  480   384     1    37.02    19.83   454.02   454.02
  600   480     1     6.16   128.78   446.29   446.29
  600   480     1     3.73    70.40   443.71   443.71
  960   768     1    39.08    57.19   893.65   893.65
  600   480     1    85.11   105.85   367.74   367.74
  600   480     1    87.07   142.03   374.40   374.40
  600   480     1     3.41    96.75   442.28   442.28
  960   768     1    95.46    76.85   620.25   620.25
  960   768     1   205.53   111.03   444.11   444.11
  480   384     1    31.87   108.67   319.47   319.47
  600   480     1    30.02    25.79   519.59   519.59
  960   768     1   147.31   147.31   525.24   525.24
  480   384     1    53.01    71.79   454.01   454.01
  600   480     1    87.48   123.40   321.34   321.34
  600   480     1    36.62   116.62   373.17   373.17
  600   480     1   135.79   135.79   313.77   313.77
  480   384     1     3.39    84.94   366.25   366.25
  960   768     1   222.72   125.74   638.50   638.50
  600   480     1    13.37    69.53   437.41   437.41
  600   480     1     6.69    95.99   443.38   443.38
  600   480     1    11.76    51.34   446.56   446.56
  960   768     1   287.10   235.82   436.58   436.58
  960   768     1    83.60    97.10   443.87   443.87
  600   480     1    79.49    88.89   368.49   368.49
  960   768     1   265.57   141.88   756.71   756.71
  600   480     1    14.22    69.98   440.86   440.86
  600   480     1    51.67   117.48   368.28   368.28
  600   480     1    57.24    83.41   442.28   442.28
  480   384     1    90.65    79.54   260.48   260.48
  480   384     1    49.61    97.41   262.43   262.43
  600   480     1    58.29   118.02   372.15   372.15
  600   480     1    53.90   110.07   439.24   439.24
  600   480     1    27.41    96.95   441.98   441.98
  600   480     1    48.45    75.11   373.66   373.66
  600   480     1    47.40     7.40   616.39   616.39
  600   480     1    99.49   244.69   312.52   312.52
  600   480     1    85.95    28.07   368.56   368.56
  240   240     1    25.50    27.52   223.33   223.33
  600   480     1   154.78    30.84   315.74   315.74
  600   480     1    10.14    70.40   443.71   443.71
  600   480     1    49.81    71.93   381.36   381.36
  600   480     1    48.86   129.70   380.93   380.93
  600   480     1    14.22    69.98   440.86   440.86
  600   480     1    18.78    78.60   439.03   439.03
  600   480     1     6.65    46.22   443.26   443.26
  960   768     1    30.63   282.72   759.19   759.19
  960   768     1    57.10   170.63   619.79   619.79
  600   480     1    94.54    25.60   457.99   457.99
  600   480     1    39.36    96.99   442.17   442.17
  600   480     1    93.27   213.27   224.78   224.78
  960   768     1    21.35   204.76   754.04   754.04
  600   480     1    46.33   102.51   375.18   375.18
  600   480     1   112.77   111.01   440.85   440.85
  600   480     1    51.67    72.42   368.28   368.28
  600   480     1    35.37    90.33   374.40   374.40
  600   480     1    26.06    95.00   381.78   381.78
  960   768     1   131.34   377.62   536.99   536.99
  600   480     1     7.16   109.84   443.38   443.38
  960   768     1    51.43   193.02   734.50   734.50
  600   480     1    13.44   123.43   439.23   439.23
  480   384     1     3.47    88.68   369.36   369.36
  600   480     1    64.58   156.50   321.58   321.58
  600   480     1    36.90    67.48   367.36   367.36
  600   480     1   253.86   111.88   373.47   373.47
  600   480     1    57.60    70.40   443.71   443.71
  240   240     1    20.83    35.88   185.83   185.83
  600   480     1    49.17   164.08   382.38   382.38
  600   480     1    46.26    23.98   433.67   433.67
  600   480     1    13.32    96.57   438.66   438.66
  600   480     1    67.58   125.56   369.77   369.77
  600   480     1    88.44   136.23   315.54   315.54
  240   240     1    13.63    20.29   219.84   219.84
  600   480     1    55.16   109.50   442.47   442.47
  600   480     1    37.94    83.47   381.57   381.57
  600   480     1    93.52   145.02   367.36   367.36
  480   384     1     3.47    61.26   369.36   369.36
  600   480     1    46.61   116.62   373.17   373.17
  240   240     1    24.22    17.37   187.85   187.85
  960   768     1   324.68   298.53   449.55   449.55
  960   768     1   180.51   204.82   532.56   532.56
  596   476     1    76.20    40.65   369.70   369.70
  240   240     1   100.09    42.64   186.12   186.12
  600   480     1    34.86   107.27   367.36   367.36
  600   480     1    99.90   165.38   313.60   313.60
  600   480     1     3.19    93.22   532.45   532.45
  394   337     1    12.43    50.91   319.07   319.07
  600   480     1    13.25    69.42   438.34   438.34
  600   480     1    15.46    72.91   383.58   383.58
  600   480     1    43.63   129.99   372.35   372.35
  480   384     1    31.22    61.50   436.00   436.00
  600   480     1    51.67   105.97   368.28   368.28
  600   480     1    95.08   137.47   312.65   312.65
  600   480     1    63.45    59.35   521.75   521.75
  240   240     1    52.99    16.88   131.52   131.52
  480   384     1     8.64    71.85   378.36   378.36
  600   480     1    67.71    47.87   442.11   442.11
 1350  1080     1    85.80   252.17   877.98   877.98
  600   480     1   114.95   108.83   312.65   312.65
  960   768     1    52.75   142.79   756.71   756.71
  640   480     1    68.16    89.26   446.41   446.41
  600   480     1     3.73    70.40   443.71   443.71
  600   480     1    95.41    52.54   312.65   312.65
  600   480     1    46.78   190.15   374.22   374.22
  960   768     1    95.25   139.63   638.29   638.29
  240   240     1    39.95    11.38   228.19   228.19
  600   480     1    57.66   156.35   312.65   312.65
  600   480     1    75.77   121.73   320.70   320.70
  960   768     1   194.59   291.17   526.79   526.79
  600   480     1   145.35   135.79   313.77   313.77
  600   480     1    10.41    96.75   442.28   442.28
  600   480     1    60.81   129.33   381.14   381.14
  600   480     1    25.94    97.05   442.44   442.44
  600   480     1    26.99    26.34   530.73   530.73
  600   480     1    60.76   117.80   380.93   380.93
  240   240     1    41.60    18.97   190.16   190.16
  474   632     1   114.68    79.58   433.95   433.95
  600   480     1    46.51   222.95   375.70   375.70
  600   480     1   104.80   162.60   372.15   372.15
  600   480     1    97.74    69.07   315.74   315.74
  240   240     1    64.33    55.37   133.14   133.14
  600   480     1   130.02   151.05   367.19   367.19
  600   480     1    17.67   121.65   522.59   522.59
  600   480     1    69.91    77.70   372.15   372.15
  480   384     1    34.75    74.33   366.13   366.13
  600   480     1    71.62   143.62   317.00   317.00
  600   480     1    60.58   118.47   381.98   381.98
  600   480     1    49.04    95.00   381.78   381.78
  480   384     1    26.39    71.98   376.46   376.46
  480   384     1   185.90   168.97   259.85   259.85
  600   480     1    87.93   191.34   322.64   322.64
  960   768     1   282.60   222.18   440.54   440.54
  600   480     1    33.35   102.88   376.28   376.28
  600   480     1    57.60    96.53   443.71   443.71
  240   240     1    21.95     8.37   221.14   221.14
  600   480     1   118.77   173.06   366.92   366.92
  480   384     1    26.23     0.82   314.15   314.15
  240   240     1    62.59    83.12   111.28   111.28
  240   240     1    55.99    51.19   134.96   134.96
  600   480     1    89.00   156.50   321.58   321.58
  960   768     1   284.15   188.53   619.79   619.79
  480   384     1    48.12    66.83   311.94   311.94
  600   480     1    95.74   184.66   312.65   312.65
  600   480     1    59.94    88.28   373.17   373.17
  240   240     1    30.17    18.74   190.16   190.16
  600   480     1   110.91    99.50   313.14   313.14
  600   480     1    14.09    48.93   379.57   379.57
  480   384     1    75.08    63.97   261.29   261.29
  960   768     1   205.58   181.23   449.56   449.56
  240   240     1     1.71    21.95   221.14   221.14
  240   240     1    31.60    20.87   160.46   160.46
  600   480     1   114.28    89.95   312.65   312.65
  480   384     1    12.25    79.45   319.30   319.30
  984   787     1    28.25   163.73   748.50   748.50
  600   480     1    71.23    35.52   374.67   374.67
  600   480     1    25.92   129.33   381.14   381.14
  960   768     1   117.48   436.80   533.93   533.93
  240   240     1     4.36    41.80   190.07   190.07
  600   480     1    27.14    55.04   373.43   373.43
  600   480     1    13.44    39.89   532.45   532.45
  480   384     1    10.54    48.46   376.46   376.46
  400   300     1    33.22    73.05   259.72   259.72
  960   768     1   180.77   269.12   517.74   517.74
  600   480     1    51.96   102.90   543.40   543.40
  600   480     1    10.14    84.26   443.71   443.71
  240   240     1    51.55    31.27   111.56   111.56
  240   320     1    39.50    33.78   224.54   224.54
  240   240     1    42.01    51.82   106.54   106.54
  600   480     1    65.01    74.82   412.28   412.28
  600   480     1     1.05    73.71   434.65   434.65
  240   240     1   158.87     1.71    96.30    96.30
  240   240     1    31.93     1.62   158.82   158.82
  600   480     1    14.28    44.43   468.43   468.43
  240   240     1    36.37    44.87   168.12   168.12
  240   240     1    94.45    22.30   126.40   126.40
  480   384     1    21.72    17.56   426.20   426.20
  300   300     1     1.03    12.60   294.71   294.71
  240   240     1    87.10    86.55    92.40    94.40
  600   480     1    41.30    97.56   354.60   354.60
  240   240     1   106.04     1.06    92.30    92.30
  240   240     1    73.17    35.02   162.20   162.20
  240   240     1    27.03    41.06   182.30   182.30
  600   480     1    25.11   102.83   402.70   402.70
  480   384     1    97.10    68.02   324.20   324.20
  600   480     1    17.13    88.10   454.70   454.70
  480   440     1    46.51    22.30   392.30   392.30
  240   240     1    72.50    80.52   142.70   142.70
  480   384     1    66.60    70.01   314.40   314.40
  240   240     1    79.10    26.50   114.60   114.60
  480   384     1    39.03    54.06   364.10   364.10
  240   240     1    59.70    78.10    84.30    86.30
  240   240     1    17.10    44.00   154.20   154.20
  600   480     1    44.20   104.10   274.20   274.20
  240   240     1    24.70     2.20   228.60   228.60
  400   300     1    24.60    68.20   268.60   268.60
  240   240     1    80.40    22.50   134.10   134.10
  600   480     1     2.03   114.01   378.50   378.50
  240   240     1    25.60    64.10   128.20   128.20
  600   480     1    25.00    88.03   442.50   442.50
  600   480     1    12.70    74.14   342.40   342.40
  400   300     1    15.20    84.62   268.10   268.10
  600   480     1   117.40   151.30   288.10   288.10
  600   480     1    76.20   117.50   302.10   302.10
